summary(env.avg)

Call:
model.avg(object = env.sel.REML, revised.var = T)

Component model call:
gls(model = Count_WW ~ <429 unique rhs>, data = gls.data, correlation =
     corExp(form = ~x + y, nugget = T), method = REML)

Component models:
                                 df  logLik    AICc delta weight
3/5/7/12/13/16/17                11 -857.57 1737.37  0.00   0.28
3/5/7/12/14/16/17                11 -858.61 1739.47  2.10   0.10
3/5/7/11/13/16/17                11 -858.69 1739.61  2.25   0.09
3/5/7/11/14/16/17                11 -858.70 1739.64  2.27   0.09
3/5/7/11/12/16/17                11 -859.18 1740.59  3.22   0.06
3/5/6/7/13/16/17                 11 -859.24 1740.71  3.34   0.05
3/5/6/7/11/16/17                 11 -859.39 1741.02  3.65   0.05
3/5/6/7/12/16/17                 11 -859.39 1741.02  3.65   0.05
3/5/7/12/13/14/16/17             12 -858.80 1741.87  4.51   0.03
3/5/7/12/13/15/16/17             12 -859.06 1742.40  5.04   0.02
3/5/6/7/12/13/16/17              12 -859.28 1742.84  5.47   0.02
3/5/7/11/12/13/16/17             12 -859.50 1743.27  5.91   0.01
2/3/5/7/12/13/16/17              12 -859.66 1743.59  6.23   0.01
3/5/7/11/13/14/16/17             12 -859.77 1743.81  6.45   0.01
3/5/7/11/12/14/16/17             12 -859.94 1744.16  6.79   0.01
3/5/6/7/11/13/16/17              12 -860.06 1744.40  7.03   0.01
3/5/6/7/11/14/16/17              12 -860.06 1744.40  7.03   0.01
3/5/6/7/12/14/16/17              12 -860.15 1744.58  7.22   0.01
3/5/7/11/13/15/16/17             12 -860.24 1744.76  7.39   0.01
3/5/7/8/12/13/16/17              12 -860.28 1744.84  7.47   0.01
3/5/6/7/13/14/16/17              12 -860.35 1744.99  7.62   0.01
1/3/5/7/12/13/16/17              12 -860.36 1745.00  7.63   0.01
3/5/7/9/12/13/16/17              12 -860.49 1745.26  7.90   0.01
3/5/7/11/12/15/16/17             12 -860.50 1745.29  7.92   0.01
3/4/5/7/12/13/16/17              12 -860.58 1745.44  8.07   0.00
2/3/5/7/11/13/16/17              12 -860.66 1745.61  8.24   0.00
3/5/6/7/12/15/16/17              12 -860.71 1745.69  8.33   0.00
3/5/6/7/11/12/16/17              12 -861.10 1746.48  9.11   0.00
1/3/5/7/11/13/16/17              12 -861.14 1746.55  9.18   0.00
3/5/7/12/13/14/15/16/17          13 -860.43 1747.18  9.81   0.00
3/5/6/7/12/13/14/16/17           13 -860.47 1747.26  9.89   0.00
3/5/7/9/11/13/16/17              12 -861.50 1747.27  9.91   0.00
3/5/7/8/11/13/16/17              12 -861.55 1747.38 10.01   0.00
3/4/5/7/11/13/16/17              12 -861.56 1747.39 10.03   0.00
3/5/7/11/12/13/14/16/17          13 -860.67 1747.66 10.29   0.00
3/5/6/7/12/13/15/16/17           13 -860.77 1747.86 10.50   0.00
1/3/5/6/7/13/16/17               12 -861.91 1748.11 10.74   0.00
1/3/5/6/7/11/16/17               12 -861.95 1748.19 10.82   0.00
3/5/7/11/12/13/15/16/17          13 -860.98 1748.29 10.93   0.00
2/3/5/7/12/13/14/16/17           13 -861.01 1748.35 10.98   0.00
3/5/6/7/11/13/14/16/17           13 -861.11 1748.55 11.19   0.00
2/3/5/7/12/13/15/16/17           13 -861.24 1748.81 11.45   0.00
2/3/5/6/7/12/13/16/17            13 -861.34 1749.01 11.65   0.00
3/5/6/7/11/12/13/16/17           13 -861.46 1749.25 11.88   0.00
3/5/7/11/13/14/15/16/17          13 -861.46 1749.25 11.89   0.00
3/5/7/11/12/14/15/16/17          13 -861.47 1749.26 11.90   0.00
3/5/7/8/12/13/14/16/17           13 -861.49 1749.31 11.94   0.00
2/3/5/7/11/12/13/16/17           13 -861.52 1749.37 12.00   0.00
1/3/5/7/12/13/14/16/17           13 -861.57 1749.47 12.11   0.00
3/5/6/7/11/13/15/16/17           13 -861.59 1749.51 12.14   0.00
3/5/6/7/11/14/15/16/17           13 -861.65 1749.63 12.26   0.00
3/5/6/7/12/14/15/16/17           13 -861.67 1749.66 12.30   0.00
3/5/7/9/12/13/14/16/17           13 -861.72 1749.78 12.41   0.00
3/5/7/8/12/13/15/16/17           13 -861.76 1749.85 12.49   0.00
3/4/5/7/12/13/14/16/17           13 -861.82 1749.97 12.60   0.00
3/5/6/7/11/12/14/16/17           13 -861.83 1749.98 12.62   0.00
1/3/5/7/12/13/15/16/17           13 -861.87 1750.07 12.70   0.00
2/3/5/7/11/13/14/16/17           13 -861.91 1750.14 12.77   0.00
3/5/7/9/12/13/15/16/17           13 -861.99 1750.31 12.94   0.00
3/5/6/7/8/12/13/16/17            13 -862.01 1750.36 12.99   0.00
2/3/5/6/7/11/13/16/17            13 -862.02 1750.37 13.01   0.00
3/4/5/7/12/13/15/16/17           13 -862.07 1750.47 13.10   0.00
1/3/5/6/7/12/13/16/17            13 -862.11 1750.55 13.19   0.00
3/5/7/9/11/12/13/16/17           13 -862.15 1750.63 13.26   0.00
1/3/5/7/11/12/13/16/17           13 -862.18 1750.68 13.32   0.00
1/3/5/7/11/13/14/16/17           13 -862.19 1750.70 13.33   0.00
3/5/6/7/9/12/13/16/17            13 -862.20 1750.72 13.36   0.00
3/5/7/8/11/12/13/16/17           13 -862.21 1750.75 13.39   0.00
2/3/5/6/7/11/14/16/17            13 -862.25 1750.83 13.46   0.00
2/3/5/7/8/12/13/16/17            13 -862.37 1751.07 13.71   0.00
3/5/6/7/11/12/15/16/17           13 -862.42 1751.17 13.80   0.00
1/2/3/5/7/12/13/16/17            13 -862.45 1751.22 13.86   0.00
3/5/7/9/11/12/14/16/17           13 -862.45 1751.23 13.87   0.00
3/4/5/6/7/12/13/16/17            13 -862.47 1751.27 13.90   0.00
3/4/5/7/11/12/13/16/17           13 -862.49 1751.31 13.94   0.00
3/5/7/9/11/13/14/16/17           13 -862.57 1751.46 14.09   0.00
1/3/5/7/11/12/14/16/17           13 -862.57 1751.46 14.10   0.00
2/3/5/7/9/12/13/16/17            13 -862.58 1751.50 14.13   0.00
1/3/5/6/7/11/14/16/17            13 -862.59 1751.51 14.14   0.00
3/5/7/8/11/13/14/16/17           13 -862.61 1751.54 14.17   0.00
1/3/5/6/7/11/13/16/17            13 -862.62 1751.57 14.20   0.00
3/5/7/8/11/12/14/16/17           13 -862.63 1751.58 14.22   0.00
3/4/5/7/11/13/14/16/17           13 -862.65 1751.62 14.26   0.00
2/3/4/5/7/12/13/16/17            13 -862.68 1751.69 14.33   0.00
1/3/5/7/11/13/15/16/17           13 -862.70 1751.72 14.35   0.00
3/5/6/7/10/11/14/16/17           13 -862.83 1751.98 14.61   0.00
3/5/6/7/9/11/13/16/17            13 -862.85 1752.03 14.67   0.00
3/5/6/7/8/12/14/16/17            13 -862.86 1752.05 14.68   0.00
3/5/6/7/8/11/14/16/17            13 -862.88 1752.08 14.72   0.00
3/5/6/7/10/11/13/16/17           13 -862.91 1752.14 14.78   0.00
3/5/6/7/8/11/13/16/17            13 -862.92 1752.16 14.80   0.00
3/4/5/7/11/12/14/16/17           13 -862.94 1752.20 14.83   0.00
1/3/5/6/7/12/14/16/17            13 -862.97 1752.27 14.91   0.00
1/3/5/6/7/13/14/16/17            13 -863.01 1752.34 14.98   0.00
1/3/5/7/8/12/13/16/17            13 -863.08 1752.49 15.12   0.00
1/2/3/5/7/11/13/16/17            13 -863.10 1752.54 15.17   0.00
3/5/6/7/12/13/14/15/16/17        14 -862.09 1752.57 15.20   0.00
3/4/5/6/7/11/13/16/17            13 -863.20 1752.72 15.35   0.00
3/5/7/8/9/12/13/16/17            13 -863.21 1752.75 15.38   0.00
1/3/5/7/9/12/13/16/17            13 -863.29 1752.90 15.54   0.00
3/4/5/7/8/12/13/16/17            13 -863.30 1752.93 15.56   0.00
3/5/7/11/12/13/14/15/16/17       14 -862.29 1752.96 15.60   0.00
1/3/4/5/7/12/13/16/17            13 -863.37 1753.07 15.70   0.00
3/4/5/7/9/12/13/16/17            13 -863.51 1753.34 15.98   0.00
3/5/6/7/11/12/13/14/16/17        14 -862.60 1753.57 16.21   0.00
2/3/5/6/7/12/13/14/16/17         14 -862.66 1753.70 16.34   0.00
2/3/5/7/12/13/14/15/16/17        14 -862.69 1753.75 16.39   0.00
1/3/5/6/7/11/12/16/17            13 -863.81 1753.96 16.59   0.00
3/5/6/7/11/13/14/15/16/17        14 -862.80 1753.97 16.60   0.00
3/5/6/7/8/11/12/16/17            13 -863.83 1753.99 16.63   0.00
2/3/5/7/11/12/13/14/16/17        14 -862.83 1754.03 16.67   0.00
2/3/5/6/7/12/13/15/16/17         14 -862.93 1754.23 16.86   0.00
3/5/6/7/11/12/13/15/16/17        14 -862.94 1754.26 16.90   0.00
1/3/5/7/8/11/13/16/17            13 -863.99 1754.32 16.95   0.00
1/3/4/5/7/11/13/16/17            13 -864.01 1754.34 16.97   0.00
3/5/7/8/12/13/14/15/16/17        14 -863.11 1754.59 17.23   0.00
2/3/5/7/11/12/13/15/16/17        14 -863.11 1754.59 17.23   0.00
3/5/6/7/8/12/13/14/16/17         14 -863.18 1754.74 17.37   0.00
1/3/5/7/12/13/14/15/16/17        14 -863.22 1754.81 17.44   0.00
2/3/5/6/7/11/13/14/16/17         14 -863.24 1754.86 17.49   0.00
1/3/5/6/7/12/13/14/16/17         14 -863.28 1754.94 17.58   0.00
3/5/7/9/11/12/13/14/16/17        14 -863.30 1754.99 17.62   0.00
1/3/5/7/11/12/13/14/16/17        14 -863.32 1755.02 17.65   0.00
3/5/7/9/12/13/14/15/16/17        14 -863.36 1755.09 17.72   0.00
3/5/6/7/11/12/14/15/16/17        14 -863.36 1755.09 17.73   0.00
3/5/7/8/11/12/13/14/16/17        14 -863.36 1755.10 17.73   0.00
3/5/6/7/9/12/13/14/16/17         14 -863.39 1755.15 17.78   0.00
3/4/5/7/12/13/14/15/16/17        14 -863.44 1755.26 17.89   0.00
2/3/5/6/7/11/12/13/16/17         14 -863.47 1755.31 17.95   0.00
3/5/6/7/8/12/13/15/16/17         14 -863.49 1755.36 17.99   0.00
1/3/5/6/7/12/13/15/16/17         14 -863.62 1755.61 18.24   0.00
1/3/5/6/7/11/13/14/16/17         14 -863.65 1755.68 18.31   0.00
2/3/5/6/7/11/13/15/16/17         14 -863.66 1755.70 18.33   0.00
3/5/7/9/11/12/13/15/16/17        14 -863.66 1755.70 18.33   0.00
3/4/5/6/7/12/13/14/16/17         14 -863.67 1755.71 18.34   0.00
3/4/5/7/11/12/13/14/16/17        14 -863.67 1755.71 18.34   0.00
1/3/5/7/11/12/13/15/16/17        14 -863.68 1755.73 18.37   0.00
3/5/7/8/11/12/13/15/16/17        14 -863.69 1755.75 18.39   0.00
3/5/6/7/9/12/13/15/16/17         14 -863.69 1755.76 18.40   0.00
2/3/5/7/8/12/13/14/16/17         14 -863.71 1755.79 18.43   0.00
1/2/3/5/7/12/13/14/16/17         14 -863.79 1755.95 18.59   0.00
1/3/5/7/11/13/14/15/16/17        14 -863.90 1756.17 18.80   0.00
3/5/6/7/9/11/13/14/16/17         14 -863.90 1756.17 18.80   0.00
2/3/5/7/9/12/13/14/16/17         14 -863.94 1756.26 18.89   0.00
2/3/5/7/8/12/13/15/16/17         14 -863.95 1756.27 18.91   0.00
3/5/6/7/10/11/13/14/16/17        14 -863.95 1756.27 18.91   0.00
3/5/6/7/8/11/13/14/16/17         14 -863.95 1756.28 18.91   0.00
3/4/5/6/7/12/13/15/16/17         14 -863.96 1756.29 18.93   0.00
3/4/5/7/11/12/13/15/16/17        14 -863.97 1756.31 18.95   0.00
2/3/5/6/7/11/12/14/16/17         14 -864.04 1756.45 19.09   0.00
2/3/4/5/7/12/13/14/16/17         14 -864.04 1756.46 19.10   0.00
1/2/3/5/7/12/13/15/16/17         14 -864.05 1756.47 19.10   0.00
2/3/5/6/7/8/12/13/16/17          14 -864.08 1756.54 19.17   0.00
3/5/6/7/9/11/12/13/16/17         14 -864.12 1756.61 19.25   0.00
1/3/5/6/7/11/13/15/16/17         14 -864.17 1756.71 19.34   0.00
1/2/3/5/6/7/12/13/16/17          14 -864.18 1756.73 19.36   0.00
2/3/5/7/9/11/12/13/16/17         14 -864.18 1756.74 19.37   0.00
1/2/3/5/7/11/12/13/16/17         14 -864.19 1756.76 19.40   0.00
1/3/5/6/7/11/12/13/16/17         14 -864.20 1756.77 19.40   0.00
3/5/6/7/8/11/12/13/16/17         14 -864.20 1756.77 19.40   0.00
2/3/5/7/8/11/12/13/16/17         14 -864.24 1756.86 19.49   0.00
3/4/5/6/7/11/13/14/16/17         14 -864.26 1756.89 19.53   0.00
2/3/4/5/7/12/13/15/16/17         14 -864.26 1756.90 19.53   0.00
2/3/5/6/7/9/12/13/16/17          14 -864.27 1756.91 19.54   0.00
1/3/5/7/8/12/13/14/16/17         14 -864.27 1756.92 19.55   0.00
1/2/3/5/7/11/13/14/16/17         14 -864.32 1757.02 19.65   0.00
3/5/6/7/9/11/12/14/16/17         14 -864.35 1757.08 19.71   0.00
3/5/6/7/9/11/13/15/16/17         14 -864.40 1757.18 19.82   0.00
3/5/7/8/9/12/13/14/16/17         14 -864.42 1757.22 19.85   0.00
3/5/6/7/8/11/13/15/16/17         14 -864.44 1757.26 19.89   0.00
3/5/6/7/10/11/13/15/16/17        14 -864.44 1757.26 19.90   0.00
1/3/5/7/9/12/13/14/16/17         14 -864.50 1757.38 20.01   0.00
1/3/5/6/7/11/12/14/16/17         14 -864.52 1757.41 20.04   0.00
3/4/5/7/8/12/13/14/16/17         14 -864.52 1757.41 20.05   0.00
2/3/4/5/7/11/12/13/16/17         14 -864.53 1757.43 20.06   0.00
3/5/6/7/8/11/12/14/16/17         14 -864.54 1757.45 20.08   0.00
2/3/4/5/6/7/12/13/16/17          14 -864.54 1757.47 20.10   0.00
1/3/5/7/8/12/13/15/16/17         14 -864.58 1757.53 20.16   0.00
1/2/3/5/6/7/11/13/16/17          14 -864.58 1757.54 20.17   0.00
1/3/4/5/7/12/13/14/16/17         14 -864.59 1757.56 20.19   0.00
3/4/5/6/7/11/12/13/16/17         14 -864.63 1757.63 20.26   0.00
3/5/7/8/9/12/13/15/16/17         14 -864.69 1757.76 20.40   0.00
3/4/5/6/7/11/13/15/16/17         14 -864.72 1757.82 20.46   0.00
3/4/5/7/9/12/13/14/16/17         14 -864.75 1757.87 20.51   0.00
3/4/5/7/8/12/13/15/16/17         14 -864.78 1757.93 20.56   0.00
1/3/5/7/9/12/13/15/16/17         14 -864.80 1757.98 20.61   0.00
1/3/5/7/9/11/12/13/16/17         14 -864.82 1758.02 20.65   0.00
2/3/5/6/7/9/11/13/16/17          14 -864.82 1758.02 20.66   0.00
1/3/5/6/7/8/12/13/16/17          14 -864.85 1758.08 20.72   0.00
2/3/5/6/7/10/11/13/16/17         14 -864.86 1758.10 20.73   0.00
1/3/4/5/7/12/13/15/16/17         14 -864.87 1758.12 20.76   0.00
2/3/5/6/7/8/11/13/16/17          14 -864.89 1758.15 20.78   0.00
1/3/5/7/8/11/12/13/16/17         14 -864.90 1758.18 20.81   0.00
3/5/7/8/9/11/12/13/16/17         14 -864.90 1758.18 20.82   0.00
3/5/6/7/8/9/12/13/16/17          14 -864.94 1758.26 20.89   0.00
3/4/5/6/7/11/12/14/16/17         14 -865.00 1758.38 21.01   0.00
1/3/5/7/8/11/13/14/16/17         14 -865.02 1758.42 21.06   0.00
1/3/5/6/7/9/12/13/16/17          14 -865.03 1758.44 21.08   0.00
1/3/4/5/7/11/13/14/16/17         14 -865.07 1758.51 21.15   0.00
3/4/5/7/9/11/12/13/16/17         14 -865.15 1758.68 21.31   0.00
1/3/4/5/7/11/12/13/16/17         14 -865.17 1758.71 21.34   0.00
1/2/3/5/7/8/12/13/16/17          14 -865.17 1758.72 21.35   0.00
2/3/4/5/6/7/11/13/16/17          14 -865.17 1758.72 21.35   0.00
3/4/5/6/7/8/12/13/16/17          14 -865.21 1758.80 21.43   0.00
3/4/5/7/8/11/12/13/16/17         14 -865.21 1758.80 21.44   0.00
3/5/6/7/11/12/13/14/15/16/17     15 -864.23 1758.88 21.51   0.00
1/3/4/5/6/7/12/13/16/17          14 -865.30 1758.98 21.61   0.00
2/3/5/7/8/9/12/13/16/17          14 -865.30 1758.98 21.62   0.00
2/3/5/6/7/12/13/14/15/16/17      15 -864.34 1759.11 21.75   0.00
3/4/5/6/7/9/12/13/16/17          14 -865.39 1759.16 21.79   0.00
1/3/5/6/7/9/11/13/16/17          14 -865.41 1759.19 21.82   0.00
2/3/4/5/7/8/12/13/16/17          14 -865.41 1759.19 21.82   0.00
1/3/5/6/7/8/11/14/16/17          14 -865.41 1759.20 21.83   0.00
1/2/3/4/5/7/12/13/16/17          14 -865.47 1759.32 21.95   0.00
1/3/5/6/7/10/11/13/16/17         14 -865.47 1759.32 21.95   0.00
1/3/5/6/7/8/11/13/16/17          14 -865.48 1759.33 21.97   0.00
2/3/5/7/11/12/13/14/15/16/17     15 -864.51 1759.46 22.09   0.00
3/5/6/7/8/9/11/13/16/17          14 -865.73 1759.85 22.48   0.00
1/3/4/5/6/7/11/13/16/17          14 -865.75 1759.88 22.51   0.00
2/3/5/6/7/11/12/13/14/16/17      15 -864.75 1759.93 22.56   0.00
3/5/6/7/8/10/11/13/16/17         14 -865.80 1759.97 22.60   0.00
3/5/6/7/8/12/13/14/15/16/17      15 -864.80 1760.03 22.66   0.00
1/3/5/6/7/12/13/14/15/16/17      15 -864.92 1760.28 22.91   0.00
3/5/7/9/11/12/13/14/15/16/17     15 -864.96 1760.35 22.98   0.00
1/3/5/7/11/12/13/14/15/16/17     15 -864.96 1760.36 22.99   0.00
3/5/7/8/11/12/13/14/15/16/17     15 -864.98 1760.39 23.02   0.00
2/3/5/6/7/11/13/14/15/16/17      15 -864.98 1760.39 23.02   0.00
1/3/5/7/8/9/12/13/16/17          14 -866.01 1760.40 23.03   0.00
3/5/6/7/9/12/13/14/15/16/17      15 -865.02 1760.47 23.10   0.00
3/4/5/6/7/8/11/13/16/17          14 -866.06 1760.49 23.12   0.00
2/3/5/6/7/11/12/13/15/16/17      15 -865.05 1760.54 23.17   0.00
1/3/4/5/7/8/12/13/16/17          14 -866.10 1760.57 23.20   0.00
3/5/6/7/9/11/12/13/14/16/17      15 -865.24 1760.91 23.55   0.00
3/4/5/7/11/12/13/14/15/16/17     15 -865.29 1761.00 23.64   0.00
3/4/5/6/7/12/13/14/15/16/17      15 -865.29 1761.01 23.64   0.00
1/3/5/6/7/11/12/13/14/16/17      15 -865.31 1761.05 23.68   0.00
3/5/6/7/8/11/12/13/14/16/17      15 -865.31 1761.06 23.69   0.00
1/3/5/6/7/11/13/14/15/16/17      15 -865.35 1761.13 23.76   0.00
2/3/5/7/8/12/13/14/15/16/17      15 -865.38 1761.18 23.81   0.00
2/3/5/6/7/8/12/13/14/16/17       15 -865.38 1761.19 23.83   0.00
2/3/5/7/9/11/12/13/14/16/17      15 -865.48 1761.39 24.02   0.00
1/2/3/5/6/7/12/13/14/16/17       15 -865.48 1761.39 24.02   0.00
1/2/3/5/7/11/12/13/14/16/17      15 -865.48 1761.39 24.03   0.00
2/3/5/7/8/11/12/13/14/16/17      15 -865.53 1761.49 24.12   0.00
2/3/5/6/7/9/12/13/14/16/17       15 -865.58 1761.60 24.23   0.00
3/5/6/7/9/11/13/14/15/16/17      15 -865.60 1761.62 24.26   0.00
3/5/6/7/8/11/13/14/15/16/17      15 -865.62 1761.68 24.31   0.00
3/5/6/7/9/11/12/13/15/16/17      15 -865.63 1761.68 24.32   0.00
3/5/6/7/10/11/13/14/15/16/17     15 -865.63 1761.70 24.33   0.00
2/3/5/6/7/8/12/13/15/16/17       15 -865.65 1761.74 24.37   0.00
3/5/6/7/8/11/12/13/15/16/17      15 -865.67 1761.76 24.40   0.00
1/3/5/6/7/11/12/13/15/16/17      15 -865.69 1761.81 24.45   0.00
1/2/3/5/6/7/12/13/15/16/17       15 -865.77 1761.97 24.60   0.00
3/4/5/6/7/11/12/13/14/16/17      15 -865.77 1761.97 24.61   0.00
1/2/3/5/6/7/11/13/14/16/17       15 -865.78 1761.99 24.62   0.00
2/3/5/7/9/11/12/13/15/16/17      15 -865.79 1762.01 24.64   0.00
1/2/3/5/7/11/12/13/15/16/17      15 -865.79 1762.02 24.65   0.00
2/3/5/7/8/11/12/13/15/16/17      15 -865.82 1762.06 24.70   0.00
2/3/4/5/7/11/12/13/14/16/17      15 -865.84 1762.11 24.74   0.00
2/3/5/6/7/9/12/13/15/16/17       15 -865.85 1762.13 24.77   0.00
2/3/4/5/6/7/12/13/14/16/17       15 -865.87 1762.17 24.80   0.00
1/3/5/7/8/12/13/14/15/16/17      15 -865.90 1762.24 24.87   0.00
3/4/5/6/7/11/13/14/15/16/17      15 -865.94 1762.30 24.94   0.00
1/3/5/7/9/11/12/13/14/16/17      15 -865.95 1762.33 24.96   0.00
1/3/5/6/7/8/12/13/14/16/17       15 -866.00 1762.44 25.07   0.00
1/3/5/7/8/11/12/13/14/16/17      15 -866.02 1762.47 25.11   0.00
2/3/5/6/7/9/11/13/14/16/17       15 -866.03 1762.49 25.13   0.00
3/5/7/8/9/11/12/13/14/16/17      15 -866.04 1762.51 25.14   0.00
2/3/5/6/7/10/11/13/14/16/17      15 -866.07 1762.57 25.20   0.00
2/3/5/6/7/8/11/13/14/16/17       15 -866.08 1762.59 25.23   0.00
2/3/4/5/7/11/12/13/15/16/17      15 -866.10 1762.64 25.27   0.00
3/4/5/6/7/11/12/13/15/16/17      15 -866.10 1762.64 25.27   0.00
3/5/6/7/8/9/12/13/14/16/17       15 -866.11 1762.65 25.28   0.00
2/3/4/5/6/7/12/13/15/16/17       15 -866.12 1762.68 25.31   0.00
3/4/5/7/8/12/13/14/15/16/17      15 -866.13 1762.69 25.32   0.00
2/3/5/6/7/9/11/12/13/16/17       15 -866.13 1762.70 25.33   0.00
1/2/3/5/6/7/11/12/13/16/17       15 -866.20 1762.82 25.46   0.00
1/3/5/6/7/9/12/13/14/16/17       15 -866.20 1762.84 25.47   0.00
2/3/5/6/7/8/11/12/13/16/17       15 -866.21 1762.85 25.48   0.00
1/3/4/5/7/12/13/14/15/16/17      15 -866.23 1762.89 25.52   0.00
1/2/3/5/6/7/11/13/15/16/17       15 -866.23 1762.89 25.52   0.00
3/4/5/7/9/11/12/13/14/16/17      15 -866.31 1763.06 25.69   0.00
1/3/4/5/7/11/12/13/14/16/17      15 -866.32 1763.06 25.70   0.00
1/3/5/6/7/8/12/13/15/16/17       15 -866.34 1763.11 25.75   0.00
1/3/5/7/9/11/12/13/15/16/17      15 -866.35 1763.12 25.76   0.00
3/4/5/7/8/11/12/13/14/16/17      15 -866.37 1763.17 25.80   0.00
3/4/5/6/7/8/12/13/14/16/17       15 -866.38 1763.20 25.83   0.00
1/3/5/7/8/11/12/13/15/16/17      15 -866.39 1763.20 25.84   0.00
2/3/4/5/6/7/11/13/14/16/17       15 -866.40 1763.22 25.86   0.00
3/5/7/8/9/11/12/13/15/16/17      15 -866.40 1763.23 25.87   0.00
3/5/6/7/8/9/12/13/15/16/17       15 -866.42 1763.27 25.90   0.00
1/3/5/6/7/9/11/13/14/16/17       15 -866.42 1763.27 25.91   0.00
1/3/4/5/6/7/12/13/14/16/17       15 -866.48 1763.39 26.02   0.00
1/3/5/6/7/8/11/13/14/16/17       15 -866.49 1763.40 26.04   0.00
1/3/5/6/7/10/11/13/14/16/17      15 -866.49 1763.40 26.04   0.00
1/2/3/5/7/8/12/13/14/16/17       15 -866.49 1763.41 26.04   0.00
1/3/5/6/7/9/12/13/15/16/17       15 -866.54 1763.51 26.15   0.00
3/4/5/6/7/9/12/13/14/16/17       15 -866.59 1763.60 26.24   0.00
2/3/4/5/6/7/11/12/13/16/17       15 -866.64 1763.72 26.35   0.00
3/4/5/7/9/11/12/13/15/16/17      15 -866.65 1763.74 26.37   0.00
1/3/4/5/7/11/12/13/15/16/17      15 -866.66 1763.74 26.38   0.00
3/4/5/7/8/11/12/13/15/16/17      15 -866.68 1763.78 26.42   0.00
3/4/5/6/7/8/12/13/15/16/17       15 -866.68 1763.79 26.43   0.00
2/3/4/5/7/8/12/13/14/16/17       15 -866.75 1763.92 26.56   0.00
3/5/6/7/8/9/11/13/14/16/17       15 -866.76 1763.94 26.58   0.00
1/3/4/5/6/7/11/13/14/16/17       15 -866.79 1764.01 26.65   0.00
1/3/4/5/6/7/12/13/15/16/17       15 -866.80 1764.03 26.66   0.00
3/5/6/7/8/10/11/13/14/16/17      15 -866.81 1764.06 26.69   0.00
1/3/5/6/7/9/11/12/13/16/17       15 -866.84 1764.12 26.75   0.00
1/2/3/5/7/9/11/12/13/16/17       15 -866.84 1764.12 26.75   0.00
3/4/5/6/7/9/12/13/15/16/17       15 -866.88 1764.20 26.83   0.00
3/5/6/7/8/9/11/12/13/16/17       15 -866.89 1764.21 26.84   0.00
1/2/3/5/6/7/8/12/13/16/17        15 -866.92 1764.27 26.90   0.00
1/2/3/5/7/8/11/12/13/16/17       15 -866.92 1764.27 26.90   0.00
1/3/5/6/7/8/11/12/13/16/17       15 -866.94 1764.30 26.94   0.00
2/3/5/7/8/9/11/12/13/16/17       15 -866.94 1764.31 26.94   0.00
2/3/5/6/7/8/9/12/13/16/17        15 -867.01 1764.45 27.08   0.00
1/3/5/6/7/8/11/13/15/16/17       15 -867.01 1764.46 27.09   0.00
3/4/5/6/7/10/11/13/14/16/17      15 -867.07 1764.57 27.20   0.00
3/4/5/6/7/8/11/13/14/16/17       15 -867.10 1764.62 27.26   0.00
1/2/3/5/6/7/9/12/13/16/17        15 -867.10 1764.63 27.26   0.00
1/2/3/4/5/7/11/12/13/16/17       15 -867.19 1764.82 27.45   0.00
1/3/5/7/8/9/12/13/14/16/17       15 -867.20 1764.84 27.47   0.00
1/3/5/6/7/8/11/12/14/16/17       15 -867.23 1764.89 27.52   0.00
2/3/4/5/7/8/11/12/13/16/17       15 -867.25 1764.93 27.57   0.00
2/3/4/5/6/7/8/12/13/16/17        15 -867.28 1765.00 27.63   0.00
3/4/5/6/7/9/11/12/13/16/17       15 -867.29 1765.01 27.64   0.00
1/3/4/5/7/8/12/13/14/16/17       15 -867.30 1765.02 27.66   0.00
1/3/4/5/6/7/11/12/13/16/17       15 -867.35 1765.14 27.77   0.00
3/4/5/6/7/8/11/12/13/16/17       15 -867.36 1765.16 27.79   0.00
1/2/3/4/5/6/7/12/13/16/17        15 -867.37 1765.17 27.81   0.00
1/2/3/5/6/7/10/11/13/16/17       15 -867.42 1765.26 27.90   0.00
1/2/3/5/6/7/8/11/13/16/17        15 -867.44 1765.31 27.94   0.00
2/3/5/6/7/11/12/13/14/15/16/17   16 -866.43 1765.36 27.99   0.00
1/3/5/7/8/9/11/12/13/16/17       15 -867.58 1765.59 28.23   0.00
1/2/3/4/5/6/7/11/13/16/17        15 -867.72 1765.87 28.51   0.00
1/3/5/6/7/8/9/12/13/16/17        15 -867.78 1765.99 28.62   0.00
1/3/4/5/7/9/11/12/13/16/17       15 -867.82 1766.06 28.70   0.00
1/3/4/5/7/8/11/12/13/16/17       15 -867.89 1766.22 28.85   0.00
3/4/5/7/8/9/11/12/13/16/17       15 -867.91 1766.25 28.88   0.00
3/5/6/7/9/11/12/13/14/15/16/17   16 -866.89 1766.28 28.91   0.00
3/5/6/7/8/11/12/13/14/15/16/17   16 -866.93 1766.35 28.98   0.00
1/3/5/6/7/11/12/13/14/15/16/17   16 -866.95 1766.39 29.02   0.00
1/3/4/5/6/7/8/12/13/16/17        15 -868.04 1766.52 29.15   0.00
2/3/5/6/7/8/12/13/14/15/16/17    16 -867.05 1766.59 29.22   0.00
3/4/5/6/7/8/9/12/13/16/17        15 -868.13 1766.70 29.33   0.00
1/2/3/5/6/7/12/13/14/15/16/17    16 -867.17 1766.83 29.46   0.00
1/2/3/5/7/11/12/13/14/15/16/17   16 -867.18 1766.85 29.48   0.00
1/3/4/5/6/7/9/12/13/16/17        15 -868.22 1766.88 29.51   0.00
2/3/5/7/8/11/12/13/14/15/16/17   16 -867.20 1766.89 29.53   0.00
3/4/5/6/7/11/12/13/14/15/16/17   16 -867.39 1767.27 29.91   0.00
2/3/5/6/7/9/11/12/13/14/16/17    16 -867.40 1767.30 29.93   0.00
1/2/3/5/6/7/11/12/13/14/16/17    16 -867.46 1767.40 30.04   0.00
2/3/5/6/7/8/11/12/13/14/16/17    16 -867.47 1767.43 30.06   0.00
1/3/5/7/9/11/12/13/14/15/16/17   16 -867.62 1767.73 30.36   0.00
1/3/5/6/7/8/12/13/14/15/16/17    16 -867.63 1767.75 30.39   0.00
1/3/5/7/8/11/12/13/14/15/16/17   16 -867.65 1767.80 30.43   0.00
3/5/7/8/9/11/12/13/14/15/16/17   16 -867.68 1767.85 30.48   0.00
3/5/6/7/8/9/12/13/14/15/16/17    16 -867.73 1767.94 30.57   0.00
2/3/5/6/7/9/11/12/13/15/16/17    16 -867.74 1767.97 30.60   0.00
2/3/5/6/7/8/11/12/13/15/16/17    16 -867.78 1768.05 30.68   0.00
1/2/3/5/6/7/11/12/13/15/16/17    16 -867.79 1768.07 30.71   0.00
1/3/5/6/7/9/12/13/14/15/16/17    16 -867.85 1768.19 30.82   0.00
2/3/4/5/6/7/11/12/13/14/16/17    16 -867.93 1768.35 30.98   0.00
1/3/5/6/7/9/11/12/13/14/16/17    16 -867.94 1768.37 31.01   0.00
1/3/4/5/7/11/12/13/14/15/16/17   16 -867.95 1768.39 31.03   0.00
3/4/5/7/8/11/12/13/14/15/16/17   16 -867.98 1768.44 31.07   0.00
3/5/6/7/8/9/11/12/13/14/16/17    16 -867.99 1768.48 31.11   0.00
3/4/5/6/7/8/12/13/14/15/16/17    16 -868.00 1768.48 31.11   0.00
1/3/5/6/7/8/11/12/13/14/16/17    16 -868.03 1768.54 31.18   0.00
1/3/4/5/6/7/12/13/14/15/16/17    16 -868.12 1768.72 31.35   0.00
1/2/3/5/7/9/11/12/13/14/16/17    16 -868.12 1768.73 31.36   0.00
1/3/5/6/7/8/11/13/14/15/16/17    16 -868.17 1768.84 31.47   0.00
1/2/3/5/7/8/11/12/13/14/16/17    16 -868.19 1768.86 31.49   0.00
1/2/3/5/6/7/8/12/13/14/16/17     16 -868.20 1768.89 31.53   0.00
2/3/4/5/6/7/11/12/13/15/16/17    16 -868.22 1768.93 31.57   0.00
2/3/5/6/7/8/9/12/13/14/16/17     16 -868.31 1769.10 31.74   0.00
1/3/5/6/7/9/11/12/13/15/16/17    16 -868.36 1769.22 31.85   0.00
3/5/6/7/8/9/11/12/13/15/16/17    16 -868.38 1769.25 31.89   0.00
1/2/3/5/6/7/9/12/13/14/16/17     16 -868.40 1769.30 31.93   0.00
1/3/5/6/7/8/11/12/13/15/16/17    16 -868.42 1769.32 31.96   0.00
3/4/5/6/7/9/11/12/13/14/16/17    16 -868.42 1769.33 31.96   0.00
1/3/4/5/6/7/11/12/13/14/16/17    16 -868.47 1769.44 32.07   0.00
1/2/3/4/5/7/11/12/13/14/16/17    16 -868.49 1769.46 32.09   0.00
3/4/5/6/7/8/11/12/13/14/16/17    16 -868.49 1769.46 32.10   0.00
1/2/3/5/6/7/8/12/13/15/16/17     16 -868.50 1769.49 32.12   0.00
1/2/3/5/7/8/11/12/13/15/16/17    16 -868.51 1769.50 32.13   0.00
2/3/4/5/7/8/11/12/13/14/16/17    16 -868.54 1769.58 32.21   0.00
2/3/4/5/6/7/8/12/13/14/16/17     16 -868.59 1769.67 32.30   0.00
1/2/3/5/6/7/8/11/13/14/16/17     16 -868.62 1769.72 32.35   0.00
1/2/3/4/5/6/7/12/13/14/16/17     16 -868.68 1769.85 32.49   0.00
1/3/5/7/8/9/11/12/13/14/16/17    16 -868.69 1769.87 32.50   0.00
3/4/5/6/7/8/11/12/13/15/16/17    16 -868.83 1770.14 32.78   0.00
1/3/4/5/6/7/11/12/13/15/16/17    16 -868.84 1770.18 32.81   0.00
1/2/3/5/6/7/9/11/12/13/16/17     16 -868.85 1770.19 32.83   0.00
2/3/5/6/7/8/9/11/12/13/16/17     16 -868.91 1770.30 32.94   0.00
1/3/5/6/7/8/9/12/13/14/16/17     16 -868.93 1770.35 32.98   0.00
1/2/3/5/6/7/8/11/12/13/16/17     16 -868.94 1770.37 33.00   0.00
1/3/4/5/7/9/11/12/13/14/16/17    16 -868.95 1770.39 33.02   0.00
1/3/4/5/7/8/11/12/13/14/16/17    16 -869.02 1770.53 33.16   0.00
3/4/5/7/8/9/11/12/13/14/16/17    16 -869.05 1770.59 33.22   0.00
1/3/4/5/6/7/8/12/13/14/16/17     16 -869.20 1770.89 33.52   0.00
1/3/5/6/7/8/9/11/13/14/16/17     16 -869.28 1771.05 33.68   0.00
3/4/5/6/7/8/9/12/13/14/16/17     16 -869.31 1771.11 33.74   0.00
1/3/5/6/7/8/10/11/13/14/16/17    16 -869.35 1771.19 33.82   0.00
1/2/3/4/5/6/7/11/12/13/16/17     16 -869.36 1771.21 33.85   0.00
1/3/4/5/7/8/11/12/13/15/16/17    16 -869.37 1771.23 33.86   0.00
2/3/4/5/6/7/8/11/12/13/16/17     16 -869.38 1771.26 33.89   0.00
1/3/4/5/6/7/8/12/13/15/16/17     16 -869.53 1771.54 34.18   0.00
1/3/5/6/7/8/9/11/12/13/16/17     16 -869.62 1771.73 34.36   0.00
1/3/4/5/6/7/8/11/13/14/16/17     16 -869.63 1771.74 34.37   0.00
1/3/4/5/6/7/9/11/12/13/16/17     16 -870.01 1772.50 35.14   0.00
1/3/4/5/6/7/8/11/12/13/16/17     16 -870.10 1772.68 35.31   0.00
2/3/5/6/7/8/11/12/13/14/15/16/17 17 -869.14 1772.83 35.47   0.00
1/2/3/5/6/7/11/12/13/14/15/16/17 17 -869.16 1772.86 35.50   0.00
1/3/5/6/7/9/11/12/13/14/15/16/17 17 -869.61 1773.77 36.40   0.00
3/5/6/7/8/9/11/12/13/14/15/16/17 17 -869.63 1773.82 36.45   0.00
1/3/5/6/7/8/11/12/13/14/15/16/17 17 -869.66 1773.87 36.50   0.00
3/4/5/6/7/8/11/12/13/14/15/16/17 17 -870.10 1774.75 37.38   0.00
1/2/3/5/6/7/9/11/12/13/14/16/17  17 -870.10 1774.75 37.39   0.00
1/3/4/5/6/7/11/12/13/14/15/16/17 17 -870.11 1774.77 37.41   0.00
2/3/5/6/7/8/9/11/12/13/14/16/17  17 -870.16 1774.87 37.50   0.00
1/2/3/5/6/7/8/11/12/13/14/16/17  17 -870.18 1774.91 37.55   0.00
1/2/3/5/6/7/8/11/12/13/15/16/17  17 -870.52 1775.60 38.23   0.00
1/2/3/4/5/6/7/11/12/13/14/16/17  17 -870.63 1775.81 38.44   0.00
2/3/4/5/6/7/8/11/12/13/14/16/17  17 -870.65 1775.85 38.48   0.00
1/3/5/6/7/8/9/11/12/13/14/16/17  17 -870.70 1775.95 38.58   0.00
1/3/4/5/6/7/9/11/12/13/14/16/17  17 -871.11 1776.77 39.41   0.00
1/3/4/5/6/7/8/11/12/13/14/16/17  17 -871.19 1776.94 39.57   0.00

Term codes:
Area_BIOGE Area_BIOSP Area_CNTRY Area_COUNE   Area_LNR   Area_NNR    Area_NP
         1          2          3          4          5          6          7
   Area_NR Area_RAMSA Area_SAC_L   Area_SPA  Area_SSSI   Area_WHS   Dist_MCA
         8          9         10         11         12         13         14
  Dist_MPA  Dist_MSAC   Mean_Nat
        15         16         17

Model-averaged coefficients:
(full average)
              Estimate Std. Error Adjusted SE z value Pr(>|z|)
(Intercept)  1.004e+00  5.039e-02   5.044e-02  19.903  < 2e-16 ***
Area_CNTRY   4.333e-02  1.589e-02   1.591e-02   2.723 0.006460 **
Area_LNR     5.269e-02  1.550e-02   1.552e-02   3.395 0.000686 ***
Area_NP      1.066e-01  3.091e-02   3.094e-02   3.445 0.000571 ***
Area_SSSI    3.370e-02  2.907e-02   2.908e-02   1.159 0.246524
Area_WHS     2.903e-02  2.735e-02   2.736e-02   1.061 0.288654
Dist_MSAC   -1.618e-01  4.755e-02   4.760e-02   3.399 0.000677 ***
Mean_Nat    -3.867e-01  2.791e-02   2.794e-02  13.839  < 2e-16 ***
Dist_MCA    -2.115e-02  4.235e-02   4.237e-02   0.499 0.617699
Area_SPA     1.839e-02  2.711e-02   2.712e-02   0.678 0.497633
Area_NNR     7.449e-03  1.655e-02   1.656e-02   0.450 0.652765
Dist_MPA    -2.854e-03  1.678e-02   1.679e-02   0.170 0.865005
Area_BIOSP   7.247e-04  6.808e-03   6.812e-03   0.106 0.915268
Area_NR     -2.011e-04  2.418e-03   2.419e-03   0.083 0.933751
Area_BIOGE   2.715e-04  2.822e-03   2.823e-03   0.096 0.923383
Area_RAMSA  -4.622e-05  2.348e-03   2.351e-03   0.020 0.984313
Area_COUNE   1.120e-04  1.841e-03   1.842e-03   0.061 0.951523
Area_SAC_L  -4.747e-06  4.810e-04   4.814e-04   0.010 0.992133

(conditional average)
             Estimate Std. Error Adjusted SE z value Pr(>|z|)
(Intercept)  1.003980   0.050390    0.050443  19.903  < 2e-16 ***
Area_CNTRY   0.043330   0.015893    0.015910   2.723 0.006460 **
Area_LNR     0.052689   0.015503    0.015520   3.395 0.000686 ***
Area_NP      0.106588   0.030905    0.030938   3.445 0.000571 ***
Area_SSSI    0.051314   0.019567    0.019586   2.620 0.008795 **
Area_WHS     0.046715   0.019438    0.019458   2.401 0.016362 *
Dist_MSAC   -0.161774   0.047549    0.047596   3.399 0.000677 ***
Mean_Nat    -0.386715   0.027914    0.027943  13.839  < 2e-16 ***
Dist_MCA    -0.075742   0.047846    0.047897   1.581 0.113794
Area_SPA     0.048331   0.022007    0.022028   2.194 0.028229 *
Area_NNR     0.034512   0.018310    0.018329   1.883 0.059711 .
Dist_MPA    -0.055019   0.050564    0.050618   1.087 0.277067
Area_BIOSP   0.030342   0.032275    0.032309   0.939 0.347668
Area_NR     -0.015515   0.014612    0.014627   1.061 0.288831
Area_BIOGE   0.016321   0.014721    0.014737   1.107 0.268079
Area_RAMSA  -0.004263   0.022149    0.022173   0.192 0.847544
Area_COUNE   0.011471   0.014724    0.014740   0.778 0.436422
Area_SAC_L  -0.011355   0.020607    0.020629   0.550 0.582035
---
Signif. codes:  0 '***' 0.001 '**' 0.01 '*' 0.05 '.' 0.1 ' ' 1

Relative variable importance:
                     Area_CNTRY Area_LNR Area_NP Dist_MSAC Mean_Nat Area_SSSI
Importance:              1          1        1       1         1     0.66
N containing models:   429        429      429     429       429      330
                     Area_WHS Area_SPA Dist_MCA Area_NNR Dist_MPA Area_BIOSP
Importance:           0.62     0.38     0.28     0.22     0.05     0.02
N containing models:   392      272      213      251      143      133
                     Area_BIOGE Area_NR Area_RAMSA Area_COUNE Area_SAC_L
Importance:           0.02       0.01    0.01       0.01      <0.01
N containing models:   169        158     111        123         14
