Dist_MCA	Dist_MPA	Area_SAC_L
84578.26827	105987.9321	0.004503484
4898.127512	19294.26435	0
18568.09581	43468.24349	25.10115162
13287.10295	1925.495646	2.04536314
21101.51727	28268.13685	0
5946.65235	0	0
23329.59393	29567.50109	0
112125.009	71489.42785	20.49535065
78569.77657	34924.15411	14.89172914
8521.094089	0	2.993505489
35258.70573	59119.48232	0
80895.51474	62033.30005	3.877055382
6729.116646	7261.655646	3.715901342
701.9236663	32915.61545	0
11366.17981	50.32396967	1.399910141
57227.28143	81832.93567	0
18038.04377	28263.23762	0
125106.6838	21861.01332	0
34705.93798	0	8.803374342
7053.433684	13765.2139	0
67786.30465	78269.80505	0
4634.40291	28.8838266	0
6249.427298	6628.314093	7.510094067
77355.88653	47997.05155	0.16962627
332.2339104	20727.69091	0
26719.64588	37576.29515	3.799285706
0	0	0
13771.05279	26132.17183	0
29037.60462	0	0.094212635
95113.30983	120744.3884	0
12566.46528	11442.76748	0
0	19153.71987	0
59327.40183	65097.07948	0
34278.10506	32541.09738	0
55426.06415	28474.87565	1.404031943
73153.97908	102234.6799	0.680004089
136578.7944	9930.87209	0
17353.15618	16671.58802	5.237338286
46750.68723	19286.82028	77.02161437
27022.99335	0	1.528507725
3820.72891	4111.49391	7.790996049
56624.49395	67778.08839	0
5458.234367	5456.095347	1.739888049
8906.361252	21.01281223	0
46156.72989	288.5095763	0
37240.82193	33930.89155	12.63518642
134377.017	48542.19257	0.015870211
37867.63898	62168.93197	0.075307505
73382.83145	99808.52863	0
4194.343646	19451.36427	0
35312.47244	60397.2719	0.982262393
71422.921	82089.68706	0.051878118
122795.7352	0	0
81435.60653	51061.68635	0.267153982
21001.91865	11759.66519	0
3570.45809	32471.87193	0.609721
37369.76771	20785.77526	8.395302362
3389.446015	48046.91276	2.835041784
25336.91657	0	0
29305.25494	0	2.503870636
0	25377.84846	8.344450957
24171.20951	29574.04946	21.82458232
0	0	0
7055.623531	0	0
64558.12298	43187.60495	0.195633717
58983.80715	53794.54565	0.161511263
122457.92	4547.674923	5.937275564
39367.75404	30762.1399	0
9034.537602	4419.878133	30.61871393
66839.95658	67415.52201	0
15633.58449	16110.8178	6.304079389
0	26249.52435	3.536077288
20517.3663	14754.76173	0
120644.4174	9050.128968	0.65646365
18187.89175	1660.031636	0
0	11147.04703	0
0	25359.64616	0.001804068
6812.757445	2492.276399	0
6993.559941	7696.546035	0
10689.38365	11532.40565	32.47859556
28781.22559	57440.65864	0.414049552
19815.61424	25456.63113	14.33124197
6404.984918	17788.73681	49.46590027
89098.19133	116253.4053	0
8358.421745	18019.40165	7.509261838
17957.43211	9617.00216	0
76274.136	85013.63545	25.38984532
34621.09311	14953.39255	0
85217.97565	10175.24377	0.179180028
93567.71045	20528.76462	0
12275.50115	2179.571379	0
110326.2391	23920.18989	0
138045.1509	49930.87209	0.023916699
0	20173.5379	0
42781.1268	0	0
52221.88752	67189.19394	0
41820.81313	37722.47448	0
97581.14691	10.7916605	0
18329.60555	18461.87369	0
0	792.4819944	5.020335027
56729.11665	55352.16803	0.776914184
26969.52471	0	0
27813.33791	0	12.49689535
118806.1241	60582.40941	23.47540121
84742.50604	110966.7788	0
69381.17424	93887.47068	0.098779939
1209.876332	36342.02635	0
22410.96536	22958.02504	0
17289.28965	27877.07326	0
90126.70222	74604.45237	95.39739508
35344.65391	0	0.397262876
12163.53109	12647.78609	0
37983.53246	48019.40165	0
9317.017502	31534.31233	0
21043.96383	2571.43897	0.625797495
2763.718813	34157.611	31.54979316
0	14814.9857	0
38883.17811	37514.10046	0
49067.16377	59794.25907	42.02739516
55484.48548	64878.34604	2.377954325
38877.33567	0	1.142127776
90817.65618	89130.48457	0
0	34116.17848	0.728963599
25335.37451	33696.23589	5.733920403
40948.49491	54702.56398	0
54315.18804	6939.491653	61.80816736
125208.2117	60150.89008	11.56832231
1599.034325	6215.597065	0
97818.20644	108200.5338	2.675038898
91840.78629	22855.74031	0
75113.80019	78565.53455	0
50372.70386	44344.34616	0
92050.51644	48597.73973	4.346676417
89948.054	81061.26889	4.134736084
18618.63367	0	0
32655.97733	88.58108215	0
34329.51965	36626.96006	1.082100457
100778.1427	60658.34077	45.55629786
1531.770374	6001.297354	3.50185814
9867.224359	28754.00605	0
76975.37366	73857.08533	0
157442.409	18712.94467	0
1699.815698	0	0
83205.89419	30059.86349	0.854830308
2631.663269	0	5.421841796
81692.19068	0	0.098626698
0	0	0
40848.78443	20776.70432	51.98801191
76149.23043	79.51518818	1.856088048
95032.05659	81701.2941	0.600937084
0	7851.878921	36.54132108
6566.014279	9203.316002	10.22497878
295.2500896	0	0
7813.33791	4397.10609	0.724530631
1944.712636	1766.503835	0
85499.24006	42618.15377	0
4509.611471	4607.454437	5.271882589
1753.468646	2075.584646	0
120827.2941	33266.4138	1.823539814
163083.7072	0	0
70133.34549	68945.05276	0.161479886
68951.0626	64790.46871	0.63454796
9938.296505	24409.96176	5.100134568
13944.38173	6622.32009	0.599286075
0	21219.21234	0
107821.489	118185.2142	1.029890989
24309.61974	54504.86587	0.292683877
24003.71987	0	3.677354481
56303.36956	47957.50391	0
3249.922989	0	3.95076911
19953.6289	0	0
95646.68709	21279.04862	0
0	17102.35397	11.16865541
39198.6007	66586.07123	0.539480325
80800.11576	73825.28238	1.48042885
27911.68636	0	0.129610048
38565.04854	0	0
108878.2923	76062.31777	19.9177115
11686.44676	0	0
99.9660896	26350.23416	0.360012489
163536.2539	18184.55509	0
77886.57781	87423.74692	0.004247177
102350.6496	9661.99334	0
67840.21953	0	1.707459836
47356.69772	47996.00767	24.59413686
143818.4877	52.03297584	0
93119.79357	8936.92368	0
110689.3836	46829.95084	2.44729142
15953.05935	11803.52349	11.20214359
5640.002202	12740.69461	0
5248.385345	2066.662203	0
1080.257545	0	15.8465315
32337.57927	53713.28845	0
52993.15156	41071.7191	0.95188492
150376.1613	8933.407882	0.194749862
0	2.23585249	10.441821
91820.68931	71061.56886	1.965576364
11682.86702	8009.578903	0
6713.769523	9.866553596	0
4836.638111	9133.902472	41.75760555
40689.38365	41532.40565	0.646671863
38319.27172	33672.45069	0
58512.24722	7897.840354	0
6010.135751	1636.659823	0
0	16459.25391	11.75363984
11015.18154	0	0
74330.30908	67099.11198	0.173129775
74982.02435	75718.67997	0
3505.131288	32301.56381	1.46467853
130816.7523	30351.0239	0.182443914
117244.1377	4768.464227	0
62539.17673	55212.01631	0
119354.8654	3194.854764	0
59347.6396	88140.23332	0.809025352
4494.290342	15766.68237	6.419695675
0	0	0
40792.38822	0	0
72532.57015	51061.26889	0.06287249
102824.4354	0	0
0	22571.51814	0
96688.76201	83495.87505	4.890120179
38074.07338	33824.76954	44.86593202
173331.4947	8806.27809	0
11595.72391	13651.86499	15.56327197
78438.66816	109051.4484	0.332508582
7025.465956	5374.415382	0
90148.58178	42121.87051	0
164723.6263	2078.113388	0.759854503
102283.0434	20742.57136	0
18770.8731	21665.30041	0
75241.28477	5056.725996	14.90356038
12733.40265	16302.13896	0.950240404
99329.45996	83648.83922	2.715896922
13253.06803	12359.59538	5.99816467
40823.47533	37897.84035	0
14388.02263	26963.66134	0.092019557
316.9699503	8873.09691	0.002197891
67012.13186	63866.87827	0
49441.95762	43794.54565	0
21716.86232	22531.93403	14.52849434
45641.26645	27897.84035	0
64555.07736	95223.72062	0.816757427
157765.4238	8209.719895	0
0	0	1.766722593
13783.60455	14419.14974	5.091773458
33194.09239	46.50227732	0
25063.58703	0	0
151944.2065	29.83843641	0
0	0	0
33137.03488	53970.51141	0
39331.41025	47800.38344	13.47227057
71539.62046	70050.58107	0.254563142
27289.28965	35785.83626	0
104217.2242	9692.160265	0
31469.35546	0	1.248898846
70689.38365	71532.40565	0
3615.712686	0	0
37289.28965	46810.74233	0
0	0	0
52462.58749	53249.36414	23.59328016
27289.28965	37249.48169	0
40099.96609	3836.95276	1.413163962
10799.00291	16498.00573	0
7728.67809	0	1.83210916
50105.81765	12241.92601	56.18712404
2163.53109	2647.78609	0
35563.56109	6339.368354	0
49344.16196	0	0
115881.8128	14231.73273	0
3394.292646	0	0
120689.3836	42516.7648	6.786831827
24329.51965	29838.12649	16.73298738
163827.6947	7571.260586	0
70815.75414	71651.39231	4.909926825
82647.33424	76779.37693	0
52525.57328	44037.91483	0
33709.74886	7927.239574	0
11596.56881	3651.324354	0.033148277
11495.43372	12231.08964	0
10099.96609	20545.61743	4.810453245
56555.71098	85724.86301	0.523654002
159376.324	11960.21941	0.349501613
81049.73731	109010.972	0
20304.98798	9885.572067	0
19065.54602	43759.04488	0
103536.2539	21643.48212	0
58075.41112	69925.69686	0
0	0	3.108425147
113048.7492	14047.71144	0
173811.0981	4510.398584	0
86335.84527	0	0.164046238
70044.86695	73583.30065	0.307574497
25953.05935	5057.456685	0.047330925
25986.51095	521.1315082	0
8450.700443	79.68861252	0.042175328
0	5656.475646	5.672981585
6509.302419	16028.03182	0
66729.11665	65113.38893	0.33911558
2733.402646	8278.564067	0
0	62096.10915	51.64382489
78637.09875	93615.33001	0.632128244
121031.0803	8723.975646	0
2198.950646	4822.975646	0
23000.10594	3256.078227	0
541.9639104	1539.71391	3.748681692
93099.98064	81061.53185	0.624820287
26327.50328	19567.50109	5.107594862
5211.019139	15.2236579	0
72394.07943	41456.68053	0.860939953
133536.4246	36361.53133	0
13227.55574	13297.15747	1.545085885
82216.23868	57854.2074	34.14628218
14982.02435	36881.96135	0
70862.45657	71597.3338	0
25563.56109	9715.66863	0
4387.95409	17672.78673	7.653480778
48135.5096	60241.92368	0.027052309
30558.94687	0	0
143536.4127	28692.59987	0
65134.03482	85467.904	0
38036.95669	37812.09919	0
3218.81591	29294.26435	3.113041352
20470.18048	0	15.77258918
25200.68024	69.59881241	0
112412.6117	1.669647505	0
30324.12651	29834.22333	35.88696417
43343.46588	42805.93405	13.36073197
85649.05172	21420.93829	0
29289.97053	0	0
70924.58412	69353.06323	0
2791.199646	6342.026354	50.28317088
129463.2294	38785.12244	0.002211967
113536.4547	28983.22694	0.36732998
38906.06281	0	34.43208619
0	65201.81638	4.675847274
15654.24842	48295.5999	13.62239722
20594.06483	0	0
66289.86184	8555.65641	29.76878002
20102.93841	20591.9484	0
70594.92328	99866.9794	4.115982361
5064.11391	43383.86504	4.132843524
4691.87298	4756.430854	0.523555303
121505.4851	13745.48645	0
4982.024354	30804.24935	0
60689.38365	61532.40565	0
0	0	2.563300218
17696.81722	17678.29508	0
64307.10398	63630.43277	0
83914.14353	24902.18239	0.023023328
1792.870709	16807.46297	0
60963.17708	61809.87984	2.008447961
30344.73564	16104.45562	1.313480381
0	0	0.058831943
9048.9592	4861.34372	4.818274027
129502.7674	18775.7445	0
40908.5323	41734.77784	3.850017563
67712.65708	66010.81414	1.132951161
0	62073.32774	7.894000983
27949.20024	14850.62318	0
112855.1391	26267.49494	0
69131.66124	73909.0098	0
120763.444	52045.13705	33.1204523
113391.7368	127663.688	0.462298257
73476.85798	93583.30065	1.028499119
37165.40385	26280.95352	50.973987
67707.41436	78750.62087	0.003297713
19003.88186	0	10.76881912
27231.5339	695.8700458	0
28432.87565	0	0.243433413
111135.4621	24203.30336	0
25302.2913	36592.09772	0
9230.09109	2522.206421	0
31227.32682	32070.49901	5.348687052
78333.6432	0	8.12089245
85138.52274	10038.78646	0
0	0	4.535701838
14085.54024	26036.87217	0
92881.35617	45395.14627	0
61740.35673	41651.02502	7.669982567
77825.51617	74628.8875	0
58276.52072	69199.06628	0.643937999
46887.25978	47480.37891	1.081920861
20825.00991	22415.43113	20.20226774
0	0	0
10807.12437	29757.24125	0.002288439
113621.4656	14007.96878	0
40087.21295	0	8.573180551
0	28147.53116	0.872060099
99256.43478	125976.2586	0
0	27221.33483	0.019648309
82689.45224	83619.16048	0.174785751
4406.660688	15341.01612	0
31956.67761	27162.80515	60.4624891
35267.73145	33415.56825	34.33632168
62014.22048	60680.90256	0
36502.70628	32166.02448	0
69784.46257	27479.47795	0
15382.28691	5211.765247	0
35257.57095	45778.62003	0
30691.6487	0	2.947700452
110839.7371	38626.71736	1.930032583
0	36987.51001	0
29758.94476	103.6572584	0
69600.51417	82303.78191	0
65579.12875	0	0
45689.11121	60122.13788	0.544330181
73399.38974	73624.03131	0.451769647
15079.16617	45596.97252	1.875943639
53048.05689	80727.52892	0.649180132
99866.54378	54164.96943	0.205939028
106510.4237	47522.01003	0
80100.88741	19372.72555	8.133772506
15.99565403	0	0
63153.29045	33989.76646	2.104301437
59874.16076	54243.08204	0
44017.49785	47510.99503	0
22249.32506	742.524354	0
0	9804.217392	0.480658565
57289.28965	65265.56023	1.891364265
0	0	0
4170.816184	4543.742804	8.602556213
75217.97565	10617.12894	13.76233934
0	0	0
57785.96833	56405.1121	1.374040331
87101.53458	22302.77065	1.1516625
91292.45972	86508.38022	0
49033.25795	30764.38059	0
143304.0503	10278.98015	0
38254.59605	0	0
0	54609.67221	3.122399206
98546.38962	69140.83675	83.05175188
28380.08997	9567.50109	87.49065809
116255.1274	51706.8141	19.18145457
21291.14249	26815.5742	65.75116076
60337.44208	66073.07479	2.908021325
91398.48239	96237.86496	0
106474.6806	73717.94635	22.29511961
11775.10771	1800.467754	0
48462.57213	47678.13945	0
51955.92983	17897.84035	10.98330852
184595.3456	775.8447258	0
0	16755.19633	0.064019374
0	16249.52435	21.67263029
3437.459803	24319.09508	0.296315874
65580.76118	57516.58078	0
94446.23324	24229.32495	0
77849.94682	61061.26889	0.255464772
150799.8608	30273.4378	0
22960.08382	15400.74791	0
113648.4653	35781.66026	1.826088176
31843.23314	37902.32641	0.013057154
47306.63648	8474.875646	17.15355614
1096.948047	0	0
150702.2664	20274.84241	0.12357149
52603.89352	48769.12643	0.326649537
136238.499	613.5789103	0
19353.19284	9682.7738	0.043533503
50675.81603	18475.81359	0
34364.04483	43864.35208	5.040838792
130272.4948	522.3755546	0
18146.41238	28019.40165	1.113234664
60836.52982	61670.18653	0.292988547
67900.63362	78019.40165	0
6472.348073	0	0
55468.43065	53639.22036	0
25227.11591	11240.01356	0
66377.50976	77743.74036	0
140807.707	29930.87209	1.265472501
2173.772354	18873.09691	0
11802.57091	5106.975646	4.833119616
16186.56478	43120.54853	82.77865699
86814.58002	116340.7015	0
92400.71055	108321.1054	0
19586.39442	24760.65019	0
1656.537904	1871.89692	0
7289.289646	19150.41881	1.417943627
0	40037.47557	1.606498611
46625.63409	43652.03258	12.69639676
85105.52783	89176.17886	0.236870445
0	30283.8928	0.856761076
91006.75211	18726.26309	0
0	0	0.642509372
9304.841414	53327.5935	0.165546725
112888.2249	66532.31612	0.281869057
69114.09466	77510.99503	0
0	0	4.295078393
84125.42629	53965.70415	0
81159.3954	79571.4077	0
143867.8038	24697.76599	1.611497275
16522.68328	16497.70131	0
74345.47161	75608.29111	1.288926854
28549.67425	23149.22522	0
3178.248354	29789.81056	9.289236897
16523.94043	35882.98593	10.35483857
63202.16149	0	10.17650956
40569.19028	0	1.518952308
68829.03662	38475.32604	0
36729.11665	36214.62115	2.850928554
53404.47981	56874.79846	27.51531127
0	15422.74019	0
2405.259354	7331.58221	25.08744089
47321.26989	38430.32875	0
18178.80831	46306.81189	0
41700.22329	0	0
24360.0817	23583.30065	0
67082.08941	31061.26889	0
33116.19893	33583.30065	0
103536.4741	21201.92105	0
39028.66108	25902.67698	0
64982.02435	81759.02477	0
51977.87912	18474.87565	0.944871162
58065.1815	64030.14222	1.884604598
39037.69229	620.2230224	0
3683.94301	0	0
45093.34387	35550.73431	0
17900.33686	0	0
4618.528354	2121.635163	0
174655.8253	747.6986888	0
90689.38365	59697.42298	14.65504368
31141.98013	35384.16733	0.89625121
48973.44522	78984.67862	1.376572963
68273.9573	41061.26889	0
119865.9373	12146.47499	0
0	0	0
13791.29375	675.665354	38.63554211
13406.74167	0	0
60492.43302	63583.30065	1.328252505
4918.875816	15.78044355	0.30085781
40324.26425	0	0
94702.19109	4656.122497	0
59392.2607	5230.04328	93.62055392
5768.187839	20225.55464	0
113536.2539	29726.98276	0.836093619
47944.46966	58019.40165	0
0	0.72852884	0
42097.93847	0	0
135128.5381	39.46380032	0
83863.12696	84628.33685	1.956115004
17165.90023	17849.33293	0.682026663
0	0	12.9280901
26315.21556	15507.72537	0
0	21504.47223	0
6374.937646	11457.35719	0
6552.16291	601.281354	8.993104466
400.7575774	11421.34344	0
96515.92422	21267.82958	0
84196.85811	81068.92992	2.324731971
73126.89217	77613.55992	0.608367457
45534.31374	13023.94787	38.39219223
28236.9986	38423.45618	17.87638742
47786.30465	58354.80115	1.376945235
0	0	15.82253115
24987.82984	26975.39943	0
80559.30795	91388.69776	0.420935843
64347.95068	66867.24807	1.317567774
100854.6462	45578.41925	0.304520167
168029.4025	65.24384568	0.621686383
22707.16034	21192.82772	0
92944.98596	8356.820567	0
5671.647172	5647.742746	3.594385358
75198.47043	80657.80093	7.553462988
99120.48824	19321.8914	0
10523.51246	41079.81694	0.885144646
20689.38365	21532.40565	31.11744617
77666.70795	41061.78801	0.040906218
31573.47704	0	0
31208.29996	20656.21205	0
54182.7782	29444.30135	1.371159217
33260.06561	0	38.45894998
2662.641354	26565.52449	70.3826342
1527.428878	1873.979201	0
32699.68751	47191.13405	0.0048605
7058.286447	0	0.03672446
0	0	0
20693.20756	50884.73822	0.411855892
4329.519646	15656.47565	0
100608.3394	111185.384	0
30689.38365	31532.40565	0.658126726
44982.02435	64352.21058	0
11983.85832	11264.47543	9.757296963
125344.8733	18734.15179	0
84957.76583	28754.10404	0
10221.98709	0	0
55249.72314	22000.58915	0.423742999
87976.88137	99353.59777	0.403600834
4194.432782	21804.13478	0
15102.00547	51239.45391	3.208631318
0	28208.19964	0.361689615
1911.169354	0	0
31860.34326	32153.85327	0
67951.09341	73969.75818	0.80833465
16049.20277	19141.39521	0.822230019
57392.5763	30061.41358	32.55238606
30970.47669	23710.08061	0
10541.96391	11539.71391	5.974111478
10825.00991	13023.48757	6.234394698
93781.02542	77983.82081	46.009066
14348.55229	27846.56618	0
77866.14726	83923.72214	0
35732.50378	16339.36835	0
0	5329.72909	0
94731.4393	34910.58885	0
7482.982954	3546.022671	1.000243922
106105.7659	10361.11209	0
131637.564	20500.34824	1.519529711
96823.75993	29164.21988	0
24265.46866	15451.48205	0
37794.88161	64881.44531	14.01293444
0	17679.51755	0
33097.6454	25368.50818	7.512945234
25109.89986	25711.3256	0
2702.140646	40467.56859	88.05247357
15390.35827	16017.05969	6.462274106
41679.31354	8476.920138	71.98549274
37289.28965	43179.77686	0
12608.75674	13109.17973	0
47614.84907	20828.02712	9.725230408
54982.02435	72348.58831	0
25361.30089	50842.31023	0.00204207
153536.2539	28184.55509	0
39214.51359	51667.61471	0
6566.132065	36940.42701	0.828763941
0	21925.73706	0
5531.95209	21463.86603	0
140689.3836	39930.87209	17.21943156
34982.02435	54165.28805	0
81438.27882	11536.9718	6.103717169
64797.36531	93053.34394	0.271884923
5855.300633	8622.396088	0
12138.38557	12931.38356	63.18071372
145696.9714	40212.2013	0.411744851
40237.02409	50617.92079	52.47973365
2974.619952	8849.378235	0.76128753
103033.8658	123865.0855	0.653011461
7832.405799	14111.49391	1.426945244
69377.49863	37277.69583	5.368543501
27428.02372	23987.79874	2.887488059
48737.75854	49447.54092	0.524982175
67289.28965	73728.40041	2.101398866
1595.72391	14548.83547	33.83476575
2521.958267	7825.051049	0
22733.40265	25733.62096	15.70795847
25948.13985	0	24.1499352
6494.985533	36249.52435	0.164402366
41946.57595	43583.30065	0.905770136
75049.83035	31061.95514	0.035015182
36930.10691	37538.69029	0.018459045
33987.67836	34641.19487	19.82277712
36081.45272	47.44096413	0
5876.516233	17305.49211	5.190001342
21919.32696	22277.50682	0
44990.96951	0	0
10789.55175	11141.80024	0
133959.4896	127.3727519	0
111807.3026	31480.18889	0.557795257
42584.66502	71582.75422	32.9806311
24982.02435	45460.31901	0
93671.79461	25398.30939	0
44392.11027	67172.00113	0
7809.946961	0	7.31515856
17953.65057	5031.69185	3.133326024
52660.11373	51548.61747	0
66547.30568	90120.86077	0.528909254
16557.65085	9747.56761	0
2546.620646	3197.975646	0
129590.1479	50191.11411	10.02635163
8156.513915	10544.32593	0
11014.89175	8510.28609	5.220222723
26729.11665	26535.34745	3.053691505
0	0	0.02789424
1803.48991	9123.311291	2.613650185
30099.96609	7606.269629	24.12938687
21745.04533	4959.861374	0
14412.03634	25724.07016	62.23708211
0	6271.803634	15.02468439
50689.38365	51532.40565	1.91300326
15394.38498	35441.67235	0
21479.25202	22312.97366	58.36330768
0	6459.25391	6.42966528
52373.19595	45280.21905	0
36107.43807	21338.07168	0.01191328
36086.64992	47171.25682	5.533537204
26113.4238	17921.53967	0
1365.01909	0	0.273385992
12482.07382	8135.861741	0
57289.28965	60172.76288	0
110632.1892	21763.49476	0
12149.99495	4.716579245	0
816.381646	979.975646	10.77398788
0	16342.02635	9.763458745
77763.65801	23093.83486	9.609494062
123536.2539	38065.4533	1.740913184
39100.75633	39643.17181	0
175362.267	168.6640934	0
49957.98521	1.360877617	0
47132.37901	43899.84413	0.994057615
12608.55142	35184.94938	0
40019.50826	0	0
13682.24521	4647.306021	1.524716441
0	0	8.841706701
59809.0093	67510.99503	0
121715.4904	24609.61774	2.004890571
0	7466.332238	0
74425.50987	25491.9823	0
68150.81638	68816.73291	0.47339859
6807.88811	20037.70639	0
18594.66941	36.57859797	0
60114.14253	86858.71323	0.855278861
25488.27946	45171.03625	1.495309449
101917.0508	39703.54265	9.301899789
37786.30465	48422.85725	0
133536.2539	42779.2794	0
14131.70103	19433.41797	0
28869.80555	34421.81101	0
23128.76503	13794.54565	4.884037122
14479.00679	5140.856653	0
34802.6176	16343.60011	0
143536.2539	35544.09156	0
15389.20073	43607.80628	0.410615567
20464.56594	21742.23743	9.983469903
79701.62175	83583.30065	0
80349.67383	81064.91177	3.728650651
51097.77932	53583.30065	0
0	3173.752101	0
84025.32182	71061.26889	1.391650207
46211.77648	55670.26301	11.23373118
88981.57517	4685.302942	0
1957.683354	35972.96413	0
8237.951321	8586.198908	0
87980.22033	0	0.008263364
9105.426925	40302.06504	0
22163.53109	22647.78609	0
84872.02905	32510.49532	0.819859322
39950.48733	48164.96265	16.69561816
8225.197646	8578.939646	0
25312.0513	40391.9829	40.15380824
10255.75252	7762.762677	13.66132068
57918.87088	68019.40165	0
34802.16513	0	3.426886086
47206.88809	72936.78514	27.51193878
34832.50763	64914.69803	0.86239471
114523.4218	43323.907	1.466434872
50190.84359	39050.27131	0.009387312
119234.1019	1018.724	0
21017.52669	8676.05526	13.46528511
12603.59143	18723.5514	0
13622.4875	0	7.260401313
12843.86054	14508.53676	0
33827.42591	34527.83446	0
77968.6867	78619.87307	0.774846384
10351.75746	16.27048695	0
32238.06294	24791.91825	0.203884113
37819.83566	27903.93414	43.88769772
28382.65489	41328.70603	0.452513955
24378.21126	35705.28391	36.79911329
14329.51965	25274.10294	0
56859.45359	57442.3145	1.484173723
28285.29671	29210.48262	0
6710.665646	4085.38639	0
25318.64994	0	0
0	5067.870526	12.88142333
12109.58865	0	0
133632.1152	48188.83593	0
23367.15165	44.93940732	12.27194314
9633.697155	24163.34996	0.768656519
33150.23388	30767.89439	0
23694.62449	8333.300263	0.322719924
106628.3791	4896.170894	0
40284.08498	11475.20648	0.513527165
12146.41712	2919.716718	0
34035.14918	40847.61873	0.577557833
1090.830052	44990.9025	1.753566474
34537.72742	3761.415948	0
1802.57091	2012.31391	11.13300498
123639.6293	43538.2636	0.03906361
59600.75669	20223.99751	1.624048772
25333.46229	5076.701354	0
94879.83335	61908.40575	0.280494981
61537.83729	62296.3602	1.04823532
2217.828283	27919.53312	0
0	30055.07754	0
52648.55259	53421.42596	5.969158449
42402.17827	72995.93671	1.547273955
21117.11792	21917.26381	0.55176588
25231.47986	41325.71426	0
4361.800037	4211.53142	0
30103.22976	30892.97456	17.4519818
0	0	0
11861.57479	12183.58424	2.381604199
75239.0098	102135.3279	0
160608.9934	100.2915559	0
68656.18573	63794.54565	0
81934.32192	80939.44231	17.86154782
55217.97565	25209.61723	0.074602064
62551.30048	72976.2784	24.20646224
0	0	14.13333717
1075.72682	0	35.03238364
8447.544081	26129.44499	0
4672.963868	44.848208	0
45695.54735	8795.159946	0
57224.73721	81828.78845	0
123536.4384	34433.10778	1.281728148
27873.06461	34520.1565	69.662551
15594.74335	43298.58922	0.079926132
98753.42001	101672.4036	0
126039.8307	57348.47696	2.611549941
20424.34817	11830.9764	0
0	9131.302559	0
5543.856319	55445.53647	5.81800647
25742.37888	26103.72501	0
56479.96343	14025.74223	21.04426781
100009.1159	71790.50132	3.459340463
7751.502934	8557.865729	6.122426127
21850.33769	20718.97608	7.46584298
50865.46656	51696.24545	0
41096.63749	41942.40121	0
72883.29663	13057.1329	50.56239794
68032.92931	79687.62008	0
75065.5048	74122.15441	0
61139.11547	74134.69006	0
103659.0053	29412.14077	0
49586.84245	56680.84142	0
10382.98264	3.878723952	0
11696.26309	19637.4919	0.466716136
825.0099104	5953.582108	16.8601066
56419.95544	86908.38977	0.656244443
40952.60166	0	0
7853.060055	17315.78896	0
19990.96061	0	0
153536.4024	21455.84339	0
46484.85587	29985.58164	4.009609524
0	0	0
15248.34109	0	0
3862.949911	13797.36092	1.084645726
7391.499424	15240.73189	0
18285.77465	18637.71142	7.37296555
19382.73969	13887.24091	0
47289.28965	56373.56951	2.207308879
111713.9874	20130.13868	0
7289.289646	26289.36322	0
40712.7733	0	0
0	12770.34364	0
48226.33627	54112.78129	0
61508.75797	88024.97466	0.020820402
0	34215.27882	4.898211833
85487.30525	8743.360532	1.129043938
221.9870896	43.57038114	0
12405.25935	4425.512002	6.632926167
13769.60058	22364.91212	0
67232.5987	39668.25506	0.036775318
45369.76016	26933.35247	5.27865125
0	48076.34117	21.01845889
24456.32347	37010.4775	1.197132356
28507.50907	59192.44326	0.170983271
17020.48648	46032.74486	1.121512089
42698.83606	43683.18349	9.965344298
32733.40265	35291.92521	18.14874189
128396.5708	59930.87209	7.548516087
62335.04442	63123.8803	72.36268841
130689.3836	40251.28934	8.630280079
102866.9742	35712.04695	1.759629001
0	0	0
51464.17038	7919.338751	0
17784.6453	18012.07498	0
60415.59329	55010.35196	0
11872.05844	8066.584704	0
8611.934862	35.4977864	0.211480053
44692.06251	67922.01643	0.068343872
72925.23095	56803.60777	0
87786.30465	98218.92795	4.234644326
175913.0719	288.0027668	0
143625.6471	38189.95688	0
17070.53529	19474.22938	6.320787365
62951.90358	48546.5548	2.524153342
153846.447	14605.92034	5.165560505
107237.8635	64769.48587	93.24031422
41044.84163	55612.00476	1.893864023
144318.9765	38583.20642	0
57061.7515	53880.30463	0.669543684
74312.98201	52393.32868	0
56109.36985	57649.15335	0
21229.96927	2572.901491	0
103792.9046	63940.01765	4.928575368
12969.85682	12394.08888	0.017359706
0	14397.10609	4.649143002
45201.29508	67790.58989	0
25505.19318	28578.93965	6.600081502
65914.80522	38189.89339	0
163615.082	18195.89521	0
3683.390957	37834.05139	10.31726332
22225.1556	15.84548271	0
32881.81961	0.928316619	0
17289.28965	29945.93501	0
0	0	0
121491.7625	69762.89871	2.945347883
9608.269162	48688.27572	37.47517612
0	14404.07736	43.50740795
13200.50204	6178.42685	0
67289.28965	69257.86819	0.537948331
6924.082954	20774.34397	0
39252.8569	39996.46972	8.986904522
16381.76813	3794.545646	0.364388179
114154.2875	20160.49249	0
9926.444042	8135.860354	0
2396.600183	0	0
2044.496152	56436.20339	35.39972557
18703.5758	32365.83252	2.048532046
72363.54739	0	0.944999798
15463.27139	23574.62608	0
270.607354	6351.698021	7.799093675
76729.11665	74937.60292	0
154268.439	28645.11861	0
1192.815646	2951.150906	0
26384.25548	7319.08345	0
30979.35348	31797.50884	0.91483989
129991.0505	10919.85697	2.814566056
43105.48013	43852.76062	2.481327344
90787.91979	66819.18371	37.82584113
0	0	18.63764537
21732.1827	47.67051242	0
12481.04584	0	0
10131.19924	16782.83737	0
23618.28071	0	0.519775628
22941.98412	2525.474054	0
0	8019.401646	0
72107.18019	72906.59874	21.78866056
66064.53634	15594.83434	0
48018.18425	73926.76863	0.273687369
27315.9955	41792.14084	0.398297742
23690.95386	39345.87931	7.510699572
16216.05991	6028.229607	0
4982.992498	27023.30629	0
64404.20694	67628.72749	0.865873348
45720.75257	56905.86071	14.20701814
56820.13279	81424.48838	0.115636222
77256.63619	104328.658	10.09182186
27786.30465	38526.13906	0.50546006
17577.70317	0	0
38470.68646	44232.64729	0
0	26494.57118	0.307082819
63954.589	51625.99048	0
153620.0207	28191.87302	0
25248.34109	362.4840357	0
20624.39787	10708.48408	0.006130284
65244.85743	13071.05794	1.216495933
163536.3933	16847.4773	0
16729.11665	17147.2126	0.027112512
90567.88773	52071.34841	1.2097488
52785.83735	60103.9228	0
110770.1301	55624.3229	4.904897757
36762.86746	0	39.21543921
30722.30262	2465.114991	77.49734684
51503.58503	57510.99503	0
10568.55944	36479.00188	51.08313042
17824.53793	14125.28144	0.513022577
67019.237	94869.18872	0.035694214
0	0	0
62602.28161	59187.83996	0
83613.54114	20448.84803	0
172034.2011	120.4585209	0
6183.941354	54158.79302	6.393175642
2693.717646	20766.05104	0
97866.97538	105322.056	1.299139077
80689.38365	67447.39667	10.19234086
69158.83973	27156.1931	0
103857.7077	34318.94482	0.124446447
63114.91968	93076.53245	1.646168645
107859.899	114532.2987	0
18513.05383	41303.90718	50.07076584
28448.14747	56648.28113	0.126288569
68038.04355	75475.35806	1.850609798
67859.75243	29639.71449	0.858498931
98684.30084	98694.8833	0
0	0	0
34293.60625	0	0
86951.5715	93273.80375	29.64779311
45217.92275	74063.97023	1.288171843
70486.70581	100884.7345	0.863202882
23628.12142	17114.74757	2.426839862
9601.010995	50024.51869	71.35411521
50814.28307	81503.96022	0.49883886
35160.60385	51355.39844	0
12051.10449	44101.17717	0
23266.50176	18273.09243	0
84890.00103	82866.43057	75.14575141
140101.8045	35610.24964	0
43792.017	44603.35363	43.748976
3606.561598	0	0
23049.33425	17027.44188	0.807310611
48173.47487	4578.912512	0
88851.30371	92262.4825	0
102875.8921	74135.73566	33.07277657
54074.91783	64127.66717	26.27732161
54891.55846	34572.92797	7.336478394
49037.83512	22468.04034	0
51123.41736	78957.35167	13.18976487
74772.69751	18651.06786	25.6249229
0	0	0.633089586
89878.81121	87077.5362	9.96921543
1468.616548	15409.47237	0
35215.17199	32672.32823	0
86205.55955	61061.61798	0.650711658
44402.94788	17907.33742	21.58807965
78001.3177	89502.1099	1.330175975
93977.41964	44440.77077	1.487283616
47888.97312	46964.30302	0
51016.87256	51863.40842	0.46393929
29829.28791	27718.87241	0
72041.81939	61600.95594	0
76194.58176	73794.54565	0
86667.7103	84505.24754	0.721670576
34393.81253	0	0.216998088
8173.146342	0	0
59375.63694	0	0.177681368
87875.6618	96269.53567	8.38647562
0	10729.24263	0
55161.59901	76514.98359	0
135855.8913	50150.79771	0.001303626
3116.91809	3226.28609	0
42422.81692	20487.06114	0.677444635
18977.7116	5242.78609	0
16342.80931	19624.12113	0
29112.73414	0	0
58394.7895	59079.61591	0.251836044
59763.57939	38474.87565	0.714214098
18315.32848	7625.248005	0
104617.5409	38232.2865	0.218615617
12162.86518	11504.91321	0
45325.07077	27516.68391	13.37136185
16228.38634	7839.725483	0
0	29720.6545	0
122845.2298	17453.14537	0
165429.3444	8184.55509	0
65078.33375	79147.4172	0
5281.66309	7911.792751	0.461959274
689.383646	1532.405646	0
40123.83555	33794.54565	1.142117404
72427.3583	62614.8372	0
76742.8852	71401.9513	0
21970.28802	1482.767878	0
116140.1215	61722.90736	22.67502497
2244.748947	14506.16518	0
96817.79836	44463.45896	0
16315.54779	6426.272142	49.63318981
29856.29273	16117.45383	0
54351.34187	58514.18415	0.580388108
14777.80722	14989.56877	0
26127.4429	32.12558644	48.97987146
12387.91473	16047.09571	0
11755.82848	18403.79113	0
78973.85883	82990.68444	0
68788.08141	1229.160545	40.45536152
124444.3588	49922.08032	1.449092751
87194.62026	42288.42402	0.91649869
0	26342.02635	1.358849161
21994.73447	0	0
16695.97835	13685.25222	0
29329.72843	41301.73844	0
43070.19795	4782.971913	0
55851.63539	49508.79022	0
141570.6041	19930.87209	0
37898.57094	12803.31366	13.67678591
43053.52551	34883.67093	0.055294573
32100.61766	41820.98029	6.006897716
109289.1159	57020.03667	0
44356.26191	50748.0738	6.341288341
90872.8341	53504.77837	0.040918326
0	29.07339556	0
0	54.66497618	0
0	0	0.490226135
65319.74465	72514.55259	15.67720412
7503.45809	42900.49955	13.14366671
31213.1024	23794.54565	1.387856707
17328.61358	5529.534453	0
46729.11665	45694.3278	0.017883034
44077.39979	4782.00191	0
37374.11826	67957.59042	1.963232944
41095.28246	34504.05952	0.133512658
34071.40879	15770.11628	0
120099.4056	9531.410869	0
23283.14513	152.6602768	0
77786.30465	88241.48738	0.054189464
28048.32205	0	5.346189641
76825.53045	77307.30631	0.882864479
87839.52393	28788.9461	0
12211.57536	4.574120387	0
65217.97565	16556.69393	0
16877.72839	16672.93791	0
100689.3836	52710.65645	22.98043022
57786.30465	68306.40284	0
27004.63782	27639.10555	3.139274849
69515.61666	64173.22543	0
8396.576042	0	0
45695.91709	4110.71391	0
77281.52996	86561.0243	42.23047556
33466.90675	47897.56777	0.004013
78219.73304	78763.19064	0.635235812
30395.52081	38203.08357	38.12451431
46220.18886	34596.61093	0
28050.17151	38019.40165	1.431839761
40875.4401	0	0
82899.20549	55191.37896	1.616763584
85238.55024	6523.155513	0.001422354
5519.738031	64902.26767	0.018400542
3729.927002	22451.7132	0
9917.477354	9294.264354	0
9643.913043	30261.731	0.012322167
6165.940959	6208.535057	0
21802.57091	5783.440821	0
9657.060608	0	0
31099.49757	60018.68578	2.290202263
3656.59594	3872.866095	0
38821.65219	29188.66552	0
8567.239143	8553.876612	4.029127757
29847.98261	27754.32282	0
59990.92017	28475.48421	0
53902.70289	67100.45268	0
31931.97322	46171.94548	0.148490437
55095.81688	69383.67062	0
17786.30465	28701.08896	1.012348945
7786.304646	19058.82459	3.185168985
20099.96609	16185.8068	4.527385561
45053.85396	0	0
33721.02978	919.4824882	0
0	26653.01931	0
27478.36505	28071.4387	0
4056.536169	0	9.580310423
5272.781364	26332.02897	0
47289.28965	51428.30427	0
23333.1168	34660.03077	47.58107686
84668.3999	94407.64203	18.13223898
25635.25796	6.084299529	0.650995639
76344.7748	82533.43529	0.142158264
143780.6736	178.4236864	0.676767849
38454.09866	1.380379063	0
