FID	Records	Species
0	0	0
1	84	73
2	0	0
3	200	110
4	14	10
5	33	33
6	0	0
7	78	36
8	49	36
9	151	72
10	36	32
11	120	57
12	96	44
13	4786	254
14	534	172
15	0	0
16	5	3
17	2	2
18	0	0
19	43	43
20	29	24
21	1	1
22	1	1
23	213	106
24	44	35
25	1	1
26	569	164
27	0	0
28	262	145
29	0	0
30	0	0
31	0	0
32	150	54
33	32	25
34	0	0
35	1	1
36	3	3
37	0	0
38	0	0
39	168	102
40	0	0
41	2218	114
42	20	16
43	36	31
44	18	16
45	137	87
46	373	55
47	0	0
48	0	0
49	0	0
50	0	0
51	0	0
52	31	28
53	407	86
54	158	75
55	31	19
56	0	0
57	7	5
58	42	42
59	231	102
60	1249	208
61	0	0
62	478	164
63	0	0
64	329	123
65	1522	188
66	281	137
67	732	189
68	12	10
69	18	15
70	11	10
71	17	17
72	32731	401
73	0	0
74	0	0
75	493	162
76	0	0
77	0	0
78	329	122
79	1	1
80	2	1
81	18	13
82	124	65
83	8	7
84	9	8
85	0	0
86	5	5
87	1831	263
88	258	109
89	0	0
90	0	0
91	305	111
92	15	14
93	4	3
94	0	0
95	143	63
96	471	155
97	118	89
98	170	73
99	366	154
100	15	11
101	92	59
102	28	26
103	22	13
104	0	0
105	3	3
106	35	30
107	0	0
108	64	37
109	139	57
110	323	142
111	0	0
112	56	22
113	2339	285
114	0	0
115	5	4
116	234	131
117	448	145
118	6	6
119	3	3
120	0	0
121	5	5
122	212	136
123	0	0
124	0	0
125	0	0
126	5	2
127	348	100
128	8	7
129	0	0
130	212	46
131	55	40
132	80	59
133	54	27
134	14	7
135	0	0
136	1	1
137	706	117
138	146	100
139	0	0
140	227	57
141	64	27
142	358	82
143	56	43
144	291	97
145	0	0
146	51	49
147	34	23
148	39	38
149	1	1
150	5	5
151	5	5
152	58	54
153	19	17
154	5	5
155	424	154
156	0	0
157	48	35
158	18	17
159	74	56
160	229	100
161	38	29
162	65	53
163	0	0
164	4	4
165	52	40
166	0	0
167	0	0
168	108	57
169	0	0
170	136	120
171	7	2
172	104	93
173	17	17
174	15	12
175	0	0
176	5	3
177	0	0
178	0	0
179	48	42
180	975	85
181	22	18
182	360	86
183	3	3
184	0	0
185	0	0
186	519	187
187	92	57
188	111	61
189	193	109
190	490	139
191	122	49
192	0	0
193	197	101
194	62	56
195	43	35
196	1	1
197	4	4
198	8	6
199	127	62
200	3	2
201	528	56
202	10	10
203	39	37
204	418	166
205	30	29
206	0	0
207	11883	99
208	56	55
209	0	0
210	106	86
211	2499	235
212	162	3
213	13	12
214	110	39
215	77	49
216	0	0
217	2	1
218	97	75
219	47	37
220	10	6
221	0	0
222	0	0
223	2	2
224	0	0
225	0	0
226	0	0
227	208	102
228	0	0
229	1751	93
230	6	6
231	0	0
232	94	33
233	211	84
234	6	6
235	58	49
236	98	75
237	297	69
238	34	21
239	0	0
240	0	0
241	0	0
242	0	0
243	5	4
244	51	51
245	52	50
246	396	132
247	24	22
248	0	0
249	0	0
250	8	7
251	26	22
252	153	60
253	99	98
254	8	8
255	552	100
256	0	0
257	83	58
258	0	0
259	8	4
260	1	1
261	4	3
262	5861	336
263	118	72
264	0	0
265	5	5
266	0	0
267	995	136
268	78	53
269	4	4
270	91	48
271	0	0
272	0	0
273	0	0
274	6	6
275	1821	243
276	0	0
277	2723	115
278	18	9
279	141	44
280	0	0
281	42	40
282	102	51
283	219	129
284	0	0
285	14	6
286	26	16
287	4075	169
288	188	118
289	0	0
290	96	64
291	2	2
292	41	35
293	1	1
294	388	202
295	7	6
296	26	24
297	13	11
298	0	0
299	2	2
300	0	0
301	4	3
302	0	0
303	131	73
304	141	88
305	55	53
306	6	6
307	0	0
308	194	65
309	1239	248
310	0	0
311	1	1
312	89	33
313	7	7
314	16	16
315	157	102
316	114	98
317	41	37
318	1	1
319	161	119
320	187	64
321	395	162
322	938	171
323	2811	216
324	101	14
325	0	0
326	1	1
327	22	18
328	47	35
329	59	48
330	118	49
331	383	105
332	42	40
333	1	1
334	0	0
335	2	2
336	1	1
337	69	65
338	26	24
339	24	11
340	403	151
341	38	30
342	6	6
343	932	232
344	1	1
345	37	29
346	6	6
347	4	4
348	4887	247
349	6	6
350	509	95
351	4	4
352	73	55
353	187	97
354	0	0
355	66	40
356	5	5
357	39	32
358	0	0
359	57	57
360	6	5
361	52	34
362	8	6
363	33	22
364	0	0
365	4	4
366	1801	122
367	9	9
368	205	101
369	2	2
370	340	73
371	0	0
372	13	11
373	24	20
374	246	99
375	70	43
376	0	0
377	62	31
378	236	96
379	45	30
380	4	3
381	20	15
382	229	117
383	265	88
384	2	2
385	44	33
386	42	40
387	1143	239
388	0	0
389	84	62
390	0	0
391	98	60
392	0	0
393	62	22
394	32	32
395	0	0
396	332	112
397	0	0
398	0	0
399	172	67
400	22	16
401	0	0
402	2	2
403	0	0
404	60	39
405	0	0
406	170	97
407	0	0
408	0	0
409	0	0
410	47	34
411	75	55
412	1	1
413	43	41
414	304	59
415	985	184
416	223	135
417	34	25
418	25	24
419	253	116
420	232	143
421	74	56
422	284	72
423	56	34
424	20	19
425	0	0
426	0	0
427	7	5
428	0	0
429	29	24
430	399	61
431	2	2
432	258	79
433	67	31
434	5	5
435	80	68
436	3	3
437	636	158
438	706	82
439	4	4
440	361	132
441	26	26
442	0	0
443	168	116
444	24	12
445	0	0
446	3	3
447	134	47
448	0	0
449	717	105
450	8	5
451	0	0
452	862	218
453	42	26
454	168	81
455	127	46
456	0	0
457	0	0
458	0	0
459	21	21
460	0	0
461	0	0
462	85	55
463	0	0
464	3	3
465	18	14
466	67	42
467	0	0
468	15	15
469	65	58
470	4	4
471	0	0
472	1	1
473	182	54
474	0	0
475	43	32
476	260	153
477	13	12
478	1	1
479	644	197
480	91	69
481	390	156
482	0	0
483	23	19
484	1277	142
485	100	65
486	584	195
487	37	28
488	1263	216
489	10	8
490	1	1
491	73	54
492	179	137
493	2	2
494	14	14
495	93	81
496	49	38
497	68	41
498	24	18
499	0	0
500	138	81
501	376	83
502	0	0
503	0	0
504	444	118
505	98	79
506	45	29
507	647	139
508	61	42
509	178	57
510	0	0
511	13	10
512	0	0
513	573	108
514	4	3
515	312	112
516	1	1
517	10	10
518	469	90
519	66	30
520	0	0
521	1	1
522	0	0
523	124	75
524	0	0
525	235	88
526	7	7
527	116	98
528	55	46
529	21	19
530	0	0
531	42	22
532	1	1
533	171	56
534	48	42
535	0	0
536	2	2
537	40	31
538	27	20
539	0	0
540	402	166
541	1	1
542	850	162
543	58	48
544	6	4
545	0	0
546	153	72
547	14	14
548	0	0
549	0	0
550	335	77
551	168	111
552	26	18
553	72	23
554	60	44
555	637	97
556	29	29
557	0	0
558	239	106
559	7	7
560	324	80
561	264	102
562	8	8
563	21	17
564	222	79
565	6	5
566	33	26
567	1	1
568	83	30
569	2	2
570	83	50
571	0	0
572	158	82
573	3541	194
574	0	0
575	21	19
576	4	4
577	0	0
578	6566	353
579	18	14
580	0	0
581	371	90
582	112	65
583	21	21
584	170	85
585	30	24
586	13	13
587	150	68
588	2	2
589	5	4
590	920	66
591	528	180
592	34	29
593	1106	133
594	241	108
595	373	114
596	1648	102
597	2	2
598	3	3
599	0	0
600	116	64
601	52	41
602	181	78
603	91	79
604	70	27
605	26	20
606	167	50
607	0	0
608	2	2
609	0	0
610	0	0
611	0	0
612	49	24
613	0	0
614	871	148
615	1	1
616	0	0
617	1563	150
618	76	51
619	101	44
620	0	0
621	155	57
622	81	69
623	272	145
624	4	3
625	876	166
626	357	135
627	0	0
628	0	0
629	0	0
630	1	1
631	0	0
632	464	174
633	38	23
634	17	15
635	2194	309
636	181	61
637	0	0
638	25	18
639	84	50
640	0	0
641	21	17
642	21	19
643	26	26
644	3	2
645	62	59
646	2	2
647	17	6
648	0	0
649	2	2
650	0	0
651	98	49
652	2	2
653	0	0
654	6	6
655	0	0
656	32	23
657	0	0
658	0	0
659	444	162
660	144	91
661	43	27
662	66	65
663	0	0
664	0	0
665	22	20
666	12	11
667	95	9
668	8	6
669	442	146
670	57	42
671	19	17
672	0	0
673	39	24
674	5	5
675	15	12
676	998	192
677	33	28
678	41	36
679	740	74
680	13	8
681	0	0
682	0	0
683	183	103
684	0	0
685	37	26
686	24	21
687	263	93
688	612	94
689	70	66
690	2	2
691	265	72
692	2	2
693	40	34
694	0	0
695	89	46
696	151	93
697	16	12
698	0	0
699	11	11
700	55	42
701	0	0
702	0	0
703	456	164
704	2	2
705	0	0
706	0	0
707	50	20
708	24	21
709	24	23
710	21	21
711	60	46
712	0	0
713	36	31
714	149	60
715	96	34
716	141	75
717	49	36
718	1	1
719	0	0
720	3	3
721	9837	122
722	27	17
723	275	122
724	9	8
725	2	2
726	43	32
727	89	63
728	144	76
729	0	0
730	122	58
731	0	0
732	14	14
733	0	0
734	6	4
735	3	2
736	557	133
737	709	104
738	12	12
739	21	20
740	5	5
741	0	0
742	53	51
743	3	2
744	144	48
745	4	4
746	2776	137
747	0	0
748	6	6
749	0	0
750	0	0
751	44	33
752	0	0
753	32	30
754	0	0
755	38	23
756	48	27
757	321	97
758	22	22
759	0	0
760	518	155
761	113	79
762	373	72
763	0	0
764	14	14
765	40	26
766	12	10
767	26	26
768	1	1
769	1253	184
770	4	4
771	38	32
772	46	35
773	1	1
774	244	61
775	245	71
776	5	1
777	52	40
778	82	57
779	24	21
780	34	34
781	1	1
782	22	15
783	2	2
784	10299	361
785	12	10
786	17	13
787	30	26
788	315	105
789	0	0
790	188	106
791	320	114
792	795	118
793	484	147
794	0	0
795	103	77
796	139	60
797	0	0
798	0	0
799	24	23
800	0	0
801	636	177
802	0	0
803	178	59
804	99	49
805	64	45
806	1	1
807	97	72
808	242	122
809	0	0
810	1	1
811	0	0
812	2	2
813	227	85
814	4	4
815	15	14
816	109	96
817	115	85
818	601	189
819	0	0
820	0	0
821	42	33
822	0	0
823	148	67
824	112	68
825	0	0
826	1	1
827	0	0
828	159	92
829	241	55
830	9	7
831	36	35
832	1192	210
833	0	0
834	2	2
835	284	128
836	1	1
837	339	81
838	144	99
839	508	97
840	2	2
841	96	61
842	13	11
843	9	9
844	115	66
845	421	141
846	684	138
847	565	188
848	58	50
849	3134	164
850	19	16
851	0	0
852	229	84
853	0	0
854	42	37
855	151	51
856	34	30
857	157	77
858	64	63
859	36	29
860	15	15
861	63	50
862	0	0
863	50	49
864	1	1
865	0	0
866	42	34
867	0	0
868	3150	274
869	2657	271
870	34	31
871	11	11
872	38	28
873	2994	296
874	339	159
875	127	55
876	1	1
877	2	1
878	680	94
879	755	131
880	62	39
881	0	0
882	177	64
883	0	0
884	296	101
885	157	71
886	264	112
887	260	120
888	17	17
889	50	42
890	13	12
891	0	0
892	9	9
893	136	126
894	23	23
895	1	1
896	229	86
897	104	64
898	35	11
899	56	46
900	57	31
901	196	59
902	0	0
903	0	0
904	6	6
905	0	0
906	0	0
907	114	74
908	88	86
909	54	45
910	0	0
911	9	7
912	0	0
913	94	54
914	22	11
915	19	17
916	0	0
917	1035	118
918	43	25
919	1968	248
920	0	0
921	84	52
922	735	115
923	59	54
924	49	27
925	104	47
926	73	42
927	0	0
928	0	0
929	0	0
930	218	102
931	156	54
932	107	99
933	161	61
934	36	26
935	207	53
936	164	140
937	401	149
938	70	38
939	0	0
940	92	62
941	30	10
942	1222	221
943	304	108
944	0	0
945	0	0
946	8	8
947	56	35
948	193	119
949	0	0
950	78	66
951	9	8
952	5	4
953	1	1
954	53	21
955	0	0
956	180	82
957	9	9
958	13	2
959	48	34
960	0	0
961	205	79
962	3	3
963	74	36
964	174	64
965	353	151
966	0	0
967	8	8
968	57	57
969	591	47
970	27	22
971	1066	232
972	38	25
973	1068	113
974	768	173
975	0	0
976	14	12
977	0	0
978	3	3
979	0	0
980	388	51
981	1058	232
982	2	2
983	15	6
984	143	31
985	148	82
986	136	44
987	1	1
988	69	59
989	0	0
990	32	21
991	1154	138
992	15	13
993	275	102
994	0	0
995	59	40
996	0	0
997	158	94
998	531	74
999	0	0
1000	14	7
1001	296	96
1002	0	0
1003	808	194
1004	408	150
1005	40	33
1006	210	78
1007	9	1
1008	216	83
1009	19	19
1010	18	18
1011	148	69
1012	0	0
1013	30	30
1014	179	100
1015	378	163
1016	402	95
1017	2	2
1018	79	65
1019	4	4
1020	4	4
1021	24	19
1022	0	0
1023	2	2
1024	64	47
1025	198	116
1026	19	19
1027	32	20
1028	17	17
1029	4	4
1030	108	56
1031	0	0
1032	0	0
1033	1198	209
1034	37	25
1035	1	1
1036	12	11
1037	1305	175
1038	0	0
1039	41	41
1040	8	8
1041	19	19
1042	0	0
1043	6	6
1044	8191	323
1045	15	10
1046	6	4
1047	0	0
1048	2	2
1049	15	14
1050	3	3
1051	1	1
1052	50	41
1053	20	19
1054	45	43
1055	163	90
1056	431	168
1057	38	21
1058	0	0
1059	425	131
1060	0	0
1061	5	5
1062	12	11
1063	0	0
1064	27	26
1065	136	91
1066	5	4
1067	76	36
1068	2	1
1069	4	4
1070	111	47
1071	0	0
1072	29	19
1073	90	58
1074	0	0
1075	172	86
1076	4907	105
1077	2149	88
1078	0	0
1079	14	10
1080	524	170
1081	5	4
1082	23	23
1083	2	2
1084	129	105
1085	69	46
1086	250	129
1087	2	1
1088	1866	122
1089	371	113
1090	23	19
1091	310	145
1092	5	5
1093	346	72
1094	2	2
1095	0	0
1096	114	77
1097	30	24
1098	36	36
1099	84	43
1100	2	2
1101	605	178
1102	0	0
1103	0	0
1104	7	7
1105	3	3
1106	0	0
1107	97	61
1108	17	17
1109	34	34
1110	18	15
1111	10	8
1112	59	38
1113	36	22
1114	587	126
1115	5	5
1116	0	0
1117	3	3
1118	298	96
1119	6	4
1120	16	13
1121	39	23
1122	0	0
1123	0	0
1124	4	4
1125	33	10
1126	436	137
1127	8	8
1128	119	62
1129	0	0
1130	39	22
1131	44	36
1132	15	11
1133	14	14
1134	0	0
